destination,total_time,transport,correspondance,1st_station,time_to_1st_station,walking_time,drt_time,drt_waiting_time,direct_walk_time
734,26580.0,DRT/WALK,4,2459,13500,1537.082,1024.829131652661,30.0,8528.714399999999
733,22260.0,DRT/WALK,4,2459,13500,1537.082,1024.829131652661,30.0,8560.985999999999
739,26340.0,DRT/WALK,4,2459,13500,1537.082,1024.829131652661,30.0,11280.4812
740,22500.0,DRT/WALK,4,2459,13500,1537.082,1024.829131652661,30.0,11209.253999999999
728,26280.0,DRT/WALK,4,2459,13500,1537.082,1024.829131652661,30.0,11907.7176
729,22560.0,DRT/WALK,4,2459,13500,1537.082,1024.829131652661,30.0,11815.374
738,26460.0,DRT/WALK,4,2459,13500,1537.082,1024.829131652661,30.0,9865.0572
737,22380.0,DRT/WALK,4,2459,13500,1537.082,1024.829131652661,30.0,9877.670399999999
730,26520.0,DRT/WALK,4,2459,13500,1537.082,1024.829131652661,30.0,8898.0168
731,22320.0,DRT/WALK,4,2459,13500,1537.082,1024.829131652661,30.0,8909.2032
736,26400.0,DRT/WALK,4,2459,13500,1537.082,1024.829131652661,30.0,10352.3676
735,22440.0,DRT/WALK,4,2459,13500,1537.082,1024.829131652661,30.0,10292.958
435,35760.0,DRT/WALK,6,2459,13500,1537.082,1024.829131652661,30.0,8876.124
434,32220.0,DRT/WALK,4,2459,13500,1537.082,1024.829131652661,30.0,8886.7704
436,None,None,None,None,None,None,None,None,9844.140000000001
437,34380.0,DRT/WALK,6,2459,13500,1537.082,1024.829131652661,30.0,9843.511199999999
438,33120.0,DRT/WALK,6,2459,13500,1537.082,1024.829131652661,30.0,7969.32
439,22440.0,DRT/WALK,3,2459,13500,1537.082,1024.829131652661,30.0,7949.916
440,32340.0,DRT/WALK,4,2459,13500,1537.082,1024.829131652661,30.0,8532.972
441,35640.0,DRT/WALK,6,2459,13500,1537.082,1024.829131652661,30.0,8533.224
444,33000.0,DRT/WALK,6,2459,13500,1537.082,1024.829131652661,30.0,8250.186
445,22500.0,DRT/WALK,3,2459,13500,1537.082,1024.829131652661,30.0,8242.264799999999
442,33360.0,DRT/WALK,6,2459,13500,1537.082,1024.829131652661,30.0,7626.366
443,22200.0,DRT/WALK,3,2459,13500,1537.082,1024.829131652661,30.0,7651.889999999999
447,33240.0,DRT/WALK,6,2459,13500,1537.082,1024.829131652661,30.0,7703.5127999999995
446,22320.0,DRT/WALK,3,2459,13500,1537.082,1024.829131652661,30.0,7689.4944
448,22080.0,DRT/WALK,3,2459,13500,1537.082,1024.829131652661,30.0,6527.7492
22,32520.0,DRT/WALK,4,2459,13500,1537.082,1024.829131652661,30.0,5793.727199999999
177,None,None,None,None,None,None,None,None,5795.256
172,32160.0,DRT/WALK,4,2459,13500,1537.082,1024.829131652661,30.0,8996.664
105,35880.0,DRT/WALK,6,2459,13500,1537.082,1024.829131652661,30.0,8989.1112
456,None,None,None,None,None,None,None,None,11594.4216
457,36180.0,DRT/WALK,7,2459,13500,1537.082,1024.829131652661,30.0,11585.19
458,None,None,None,None,None,None,None,None,11006.634
459,34560.0,DRT/WALK,6,2459,13500,1537.082,1024.829131652661,30.0,10998.6468
461,None,None,None,None,None,None,None,None,10974.8496
460,None,None,None,None,None,None,None,None,10977.936
171,None,None,None,None,None,None,None,None,10855.2636
23,None,None,None,None,None,None,None,None,10848.1716
851,None,None,None,None,None,None,None,None,8834.312399999999
852,18780.0,DRT/WALK,1,2459,13500,1537.082,1024.829131652661,30.0,8853.2436
570,18660.0,DRT/WALK,1,2459,13500,1537.082,1024.829131652661,30.0,9303.3228
571,30300.0,DRT/WALK,5,2459,13500,1537.082,1024.829131652661,30.0,8285.5548
572,19020.0,DRT/WALK,1,2459,13500,1537.082,1024.829131652661,30.0,8291.934
573,30360.0,DRT/WALK,5,2459,13500,1537.082,1024.829131652661,30.0,8929.2156
574,18960.0,DRT/WALK,1,2459,13500,1537.082,1024.829131652661,30.0,8935.483199999999
2243,31500.0,DRT/WALK,2,2459,13500,1537.082,1024.829131652661,30.0,7879.531199999999
2245,36120.0,DRT/WALK,6,2459,13500,1537.082,1024.829131652661,30.0,9288.7272
2494,31260.0,DRT/WALK,5,2459,13500,1537.082,1024.829131652661,30.0,9289.086
1243,33360.0,DRT/WALK,4,2459,13500,1537.082,1024.829131652661,30.0,11603.512799999999
1244,34080.0,DRT/WALK,5,2459,13500,1537.082,1024.829131652661,30.0,11610.6972
2249,30540.0,DRT/WALK,5,2459,13500,1537.082,1024.829131652661,30.0,10151.377199999999
2501,34860.0,DRT/WALK,5,2459,13500,1537.082,1024.829131652661,30.0,10154.2836
2248,30660.0,DRT/WALK,5,2459,13500,1537.082,1024.829131652661,30.0,11415.21
2503,34740.0,DRT/WALK,5,2459,13500,1537.082,1024.829131652661,30.0,11417.904
578,None,None,None,None,None,None,None,None,7045.5072
579,33360.0,DRT/WALK,6,2459,13500,1537.082,1024.829131652661,30.0,7051.658399999999
183,37020.0,DRT/WALK,5,2459,13500,1537.082,1024.829131652661,30.0,7433.2296
87,33540.0,DRT/WALK,6,2459,13500,1537.082,1024.829131652661,30.0,7477.5288
580,None,None,None,None,None,None,None,None,8000.865599999999
31,33780.0,DRT/WALK,6,2459,13500,1537.082,1024.829131652661,30.0,7992.958799999999
2260,None,None,None,None,None,None,None,None,6056.9472
2282,14160.0,DRT/WALK,0,2459,13500,1537.082,1024.829131652661,30.0,5482.1651999999995
609,None,None,None,None,None,None,None,None,4416.7068
610,32460.0,DRT/WALK,5,2459,13500,1537.082,1024.829131652661,30.0,4423.8024
612,29040.0,DRT/WALK,4,2459,13500,1537.082,1024.829131652661,30.0,3089.178
611,13860.0,DRT/WALK,0,2459,13500,1537.082,1024.829131652661,30.0,3078.4392
617,None,None,None,None,None,None,None,None,6731.887199999999
616,14280.0,DRT/WALK,0,2459,13500,1537.082,1024.829131652661,30.0,6732.498
619,None,None,None,None,None,None,None,None,5237.6928
618,14100.0,DRT/WALK,0,2459,13500,1537.082,1024.829131652661,30.0,5231.9652
2284,13740.0,DRT/WALK,0,2459,13500,1537.082,1024.829131652661,30.0,3095.6424
2640,24000.0,DRT/WALK,3,2459,13500,1537.082,1024.829131652661,30.0,2896.6944
849,14040.0,DRT/WALK,0,2459,13500,1537.082,1024.829131652661,30.0,4643.1395999999995
45,None,None,None,None,None,None,None,None,4643.2476
622,None,None,None,None,None,None,None,None,9422.7156
623,33480.0,DRT/WALK,6,2459,13500,1537.082,1024.829131652661,30.0,9445.964399999999
650,26280.0,DRT/WALK,5,2459,13500,1537.082,1024.829131652661,30.0,11629.895999999999
649,25380.0,DRT/WALK,4,2459,13500,1537.082,1024.829131652661,30.0,11636.7408
624,32760.0,DRT/WALK,5,2459,13500,1537.082,1024.829131652661,30.0,11081.262
625,None,None,None,None,None,None,None,None,11072.9844
640,26400.0,DRT/WALK,5,2459,13500,1537.082,1024.829131652661,30.0,10159.1196
639,25260.0,DRT/WALK,4,2459,13500,1537.082,1024.829131652661,30.0,10169.424
627,None,None,None,None,None,None,None,None,10005.962399999999
626,33600.0,DRT/WALK,6,2459,13500,1537.082,1024.829131652661,30.0,10009.6632
638,None,None,None,None,None,None,None,None,10542.246
637,32700.0,DRT/WALK,5,2459,13500,1537.082,1024.829131652661,30.0,10537.4916
647,26460.0,DRT/WALK,5,2459,13500,1537.082,1024.829131652661,30.0,9770.4852
648,25200.0,DRT/WALK,4,2459,13500,1537.082,1024.829131652661,30.0,9783.2796
631,None,None,None,None,None,None,None,None,11759.290799999999
633,None,None,None,None,None,None,None,None,11804.3616
634,33000.0,DRT/WALK,5,2459,13500,1537.082,1024.829131652661,30.0,11820.8148
644,26220.0,DRT/WALK,5,2459,13500,1537.082,1024.829131652661,30.0,11712.007199999998
645,25440.0,DRT/WALK,4,2459,13500,1537.082,1024.829131652661,30.0,11743.792800000001
635,None,None,None,None,None,None,None,None,11293.2408
636,33120.0,DRT/WALK,5,2459,13500,1537.082,1024.829131652661,30.0,11294.904
621,26340.0,DRT/WALK,5,2459,13500,1537.082,1024.829131652661,30.0,10817.823599999998
620,25320.0,DRT/WALK,4,2459,13500,1537.082,1024.829131652661,30.0,10881.282000000001
653,None,None,None,None,None,None,None,None,6812.4708
654,33000.0,DRT/WALK,5,2459,13500,1537.082,1024.829131652661,30.0,6815.2572
656,None,None,None,None,None,None,None,None,8728.728
657,33420.0,DRT/WALK,5,2459,13500,1537.082,1024.829131652661,30.0,8736.428399999999
660,28500.0,DRT/WALK,4,2459,13500,1537.082,1024.829131652661,30.0,7467.397199999999
659,33120.0,DRT/WALK,5,2459,13500,1537.082,1024.829131652661,30.0,7473.108
178,33300.0,DRT/WALK,5,2459,13500,1537.082,1024.829131652661,30.0,8261.3616
95,28380.0,DRT/WALK,4,2459,13500,1537.082,1024.829131652661,30.0,8291.4228
787,28680.0,DRT/WALK,4,2459,13500,1537.082,1024.829131652661,30.0,7849.531199999999
786,23700.0,DRT/WALK,4,2459,13500,1537.082,1024.829131652661,30.0,7888.5419999999995
788,33000.0,DRT/WALK,5,2459,13500,1537.082,1024.829131652661,30.0,7354.2492
227,22920.0,DRT/WALK,3,2459,13500,1537.082,1024.829131652661,30.0,4572.6564
194,24180.0,DRT/WALK,3,2459,13500,1537.082,1024.829131652661,30.0,4510.1088
235,21360.0,DRT/WALK,2,2459,13500,1537.082,1024.829131652661,30.0,4606.4952
278,29640.0,DRT/WALK,6,2459,13500,1537.082,1024.829131652661,30.0,2569.4723999999997
261,22980.0,DRT/WALK,4,2459,13500,1537.082,1024.829131652661,30.0,2541.8364
352,36180.0,DRT/WALK,6,2459,13500,1537.082,1024.829131652661,30.0,4395.5832
294,27480.0,DRT/WALK,5,2459,13500,1537.082,1024.829131652661,30.0,4975.331999999999
336,21300.0,DRT/WALK,2,2459,13500,1537.082,1024.829131652661,30.0,4951.5924
379,24060.0,DRT/WALK,4,2459,13500,1537.082,1024.829131652661,30.0,4127.7576
350,36060.0,DRT/WALK,6,2459,13500,1537.082,1024.829131652661,30.0,4125.7188
221,22860.0,DRT/WALK,4,2459,13500,1537.082,1024.829131652661,30.0,3152.2188
202,21300.0,DRT/WALK,2,2459,13500,1537.082,1024.829131652661,30.0,3135.6108
228,23340.0,DRT/WALK,4,2459,13500,1537.082,1024.829131652661,30.0,4153.8228
193,24000.0,DRT/WALK,3,2459,13500,1537.082,1024.829131652661,30.0,4194.122399999999
303,21780.0,DRT/WALK,3,2459,13500,1537.082,1024.829131652661,30.0,5900.9352
328,29700.0,DRT/WALK,5,2459,13500,1537.082,1024.829131652661,30.0,5910.4992
204,21420.0,DRT/WALK,2,2459,13500,1537.082,1024.829131652661,30.0,3292.5191999999997
219,22740.0,DRT/WALK,4,2459,13500,1537.082,1024.829131652661,30.0,3245.5272
270,19920.0,DRT/WALK,1,2459,13500,1537.082,1024.829131652661,30.0,2800.446
333,21480.0,DRT/WALK,2,2459,13500,1537.082,1024.829131652661,30.0,5011.754400000001
298,30180.0,DRT/WALK,5,2459,13500,1537.082,1024.829131652661,30.0,5004.6143999999995
377,23940.0,DRT/WALK,4,2459,13500,1537.082,1024.829131652661,30.0,4542.276
249,21360.0,DRT/WALK,2,2459,13500,1537.082,1024.829131652661,30.0,4835.4384
236,33300.0,DRT/WALK,6,2459,13500,1537.082,1024.829131652661,30.0,4849.9956
304,21960.0,DRT/WALK,3,2459,13500,1537.082,1024.829131652661,30.0,6041.3016
327,29640.0,DRT/WALK,5,2459,13500,1537.082,1024.829131652661,30.0,6042.6396
688,22980.0,DRT/WALK,3,2459,13500,1537.082,1024.829131652661,30.0,4082.9855999999995
687,None,None,None,None,None,None,None,None,4061.3987999999995
2611,20880.0,DRT/WALK,2,2459,13500,1537.082,1024.829131652661,30.0,3172.9572
2612,21300.0,DRT/WALK,2,2459,13500,1537.082,1024.829131652661,30.0,3158.9628
205,21600.0,DRT/WALK,2,2459,13500,1537.082,1024.829131652661,30.0,3715.5864
218,22620.0,DRT/WALK,4,2459,13500,1537.082,1024.829131652661,30.0,3688.2888
222,22920.0,DRT/WALK,4,2459,13500,1537.082,1024.829131652661,30.0,3405.8987999999995
201,21180.0,DRT/WALK,2,2459,13500,1537.082,1024.829131652661,30.0,3385.8899999999994
276,29820.0,DRT/WALK,6,2459,13500,1537.082,1024.829131652661,30.0,2901.9492
263,22800.0,DRT/WALK,4,2459,13500,1537.082,1024.829131652661,30.0,2880.3396
247,33240.0,DRT/WALK,6,2459,13500,1537.082,1024.829131652661,30.0,5194.248
238,21480.0,DRT/WALK,2,2459,13500,1537.082,1024.829131652661,30.0,5212.101599999999
198,24360.0,DRT/WALK,3,2459,13500,1537.082,1024.829131652661,30.0,4089.9048
224,23100.0,DRT/WALK,2,2459,13500,1537.082,1024.829131652661,30.0,4097.1996
299,21600.0,DRT/WALK,2,2459,13500,1537.082,1024.829131652661,30.0,5248.873199999999
332,30060.0,DRT/WALK,5,2459,13500,1537.082,1024.829131652661,30.0,5254.494
380,24120.0,DRT/WALK,4,2459,13500,1537.082,1024.829131652661,30.0,3899.7972
349,32160.0,DRT/WALK,5,2459,13500,1537.082,1024.829131652661,30.0,3878.5272
1258,21360.0,DRT/WALK,2,2459,13500,1537.082,1024.829131652661,30.0,3241.4075999999995
1259,22800.0,DRT/WALK,4,2459,13500,1537.082,1024.829131652661,30.0,3250.2131999999997
242,None,None,None,None,None,None,None,None,4736.0472
243,21720.0,DRT/WALK,2,2459,13500,1537.082,1024.829131652661,30.0,4781.8692
359,25500.0,DRT/WALK,5,2459,13500,1537.082,1024.829131652661,30.0,4183.426799999999
370,23460.0,DRT/WALK,4,2459,13500,1537.082,1024.829131652661,30.0,4087.9476
216,21660.0,DRT/WALK,2,2459,13500,1537.082,1024.829131652661,30.0,3651.8976
207,22560.0,DRT/WALK,4,2459,13500,1537.082,1024.829131652661,30.0,3672.6071999999995
215,21420.0,DRT/WALK,3,2459,13500,1537.082,1024.829131652661,30.0,3600.984
208,22440.0,DRT/WALK,4,2459,13500,1537.082,1024.829131652661,30.0,3615.1272
355,25380.0,DRT/WALK,5,2459,13500,1537.082,1024.829131652661,30.0,3414.798
374,23580.0,DRT/WALK,4,2459,13500,1537.082,1024.829131652661,30.0,3447.9611999999997
226,23340.0,DRT/WALK,2,2459,13500,1537.082,1024.829131652661,30.0,4625.0412
195,24180.0,DRT/WALK,3,2459,13500,1537.082,1024.829131652661,30.0,4600.2372
251,21240.0,DRT/WALK,2,2459,13500,1537.082,1024.829131652661,30.0,4293.2519999999995
234,31320.0,DRT/WALK,6,2459,13500,1537.082,1024.829131652661,30.0,4320.8796
690,26700.0,DRT/WALK,5,2459,13500,1537.082,1024.829131652661,30.0,4653.6096
691,21600.0,DRT/WALK,3,2459,13500,1537.082,1024.829131652661,30.0,4665.006
1260,21900.0,DRT/WALK,4,2459,13500,1537.082,1024.829131652661,30.0,4376.9616
1261,22260.0,DRT/WALK,4,2459,13500,1537.082,1024.829131652661,30.0,4386.7116
241,None,None,None,None,None,None,None,None,5192.7083999999995
244,21660.0,DRT/WALK,2,2459,13500,1537.082,1024.829131652661,30.0,5180.7432
277,29700.0,DRT/WALK,6,2459,13500,1537.082,1024.829131652661,30.0,2650.9344
262,22860.0,DRT/WALK,4,2459,13500,1537.082,1024.829131652661,30.0,2628.7727999999997
675,24240.0,DRT/WALK,3,2459,13500,1537.082,1024.829131652661,30.0,4599.24
676,23220.0,DRT/WALK,2,2459,13500,1537.082,1024.829131652661,30.0,4609.697999999999
256,None,None,None,None,None,None,None,None,3614.3496
229,21420.0,DRT/WALK,2,2459,13500,1537.082,1024.829131652661,30.0,3587.736
245,21540.0,DRT/WALK,2,2459,13500,1537.082,1024.829131652661,30.0,5639.7408
240,29820.0,DRT/WALK,5,2459,13500,1537.082,1024.829131652661,30.0,5622.8712
356,25380.0,DRT/WALK,5,2459,13500,1537.082,1024.829131652661,30.0,3422.9219999999996
373,23580.0,DRT/WALK,4,2459,13500,1537.082,1024.829131652661,30.0,3410.9723999999997
684,22320.0,DRT/WALK,4,2459,13500,1537.082,1024.829131652661,30.0,4252.0428
685,21540.0,DRT/WALK,3,2459,13500,1537.082,1024.829131652661,30.0,4241.426399999999
354,36300.0,DRT/WALK,6,2459,13500,1537.082,1024.829131652661,30.0,4216.2155999999995
375,23820.0,DRT/WALK,4,2459,13500,1537.082,1024.829131652661,30.0,4201.1208
2566,None,None,None,None,None,None,None,None,3474.1752
2565,21360.0,DRT/WALK,2,2459,13500,1537.082,1024.829131652661,30.0,3484.9188
214,21420.0,DRT/WALK,3,2459,13500,1537.082,1024.829131652661,30.0,3842.3496
209,22440.0,DRT/WALK,4,2459,13500,1537.082,1024.829131652661,30.0,3828.2472
250,21420.0,DRT/WALK,2,2459,13500,1537.082,1024.829131652661,30.0,4559.546399999999
297,30240.0,DRT/WALK,5,2459,13500,1537.082,1024.829131652661,30.0,4568.3088
252,21120.0,DRT/WALK,2,2459,13500,1537.082,1024.829131652661,30.0,4125.0444
233,33600.0,DRT/WALK,7,2459,13500,1537.082,1024.829131652661,30.0,4131.636
271,19980.0,DRT/WALK,1,2459,13500,1537.082,1024.829131652661,30.0,2988.3132
353,36240.0,DRT/WALK,6,2459,13500,1537.082,1024.829131652661,30.0,4385.318399999999
376,23880.0,DRT/WALK,4,2459,13500,1537.082,1024.829131652661,30.0,4388.766
351,36120.0,DRT/WALK,6,2459,13500,1537.082,1024.829131652661,30.0,4326.4848
378,24000.0,DRT/WALK,4,2459,13500,1537.082,1024.829131652661,30.0,4333.5671999999995
275,27060.0,DRT/WALK,5,2459,13500,1537.082,1024.829131652661,30.0,3450.8999999999996
264,21420.0,DRT/WALK,3,2459,13500,1537.082,1024.829131652661,30.0,3454.884
371,23520.0,DRT/WALK,4,2459,13500,1537.082,1024.829131652661,30.0,3551.1744
254,20820.0,DRT/WALK,2,2459,13500,1537.082,1024.829131652661,30.0,3204.8196
357,32520.0,DRT/WALK,5,2459,13500,1537.082,1024.829131652661,30.0,3160.6416
372,None,None,None,None,None,None,None,None,3143.0183999999995
272,None,None,None,None,None,None,None,None,3612.9791999999998
267,20100.0,DRT/WALK,1,2459,13500,1537.082,1024.829131652661,30.0,3617.3304
686,32700.0,DRT/WALK,5,2459,13500,1537.082,1024.829131652661,30.0,4362.3216
225,23160.0,DRT/WALK,2,2459,13500,1537.082,1024.829131652661,30.0,4458.3264
197,24300.0,DRT/WALK,3,2459,13500,1537.082,1024.829131652661,30.0,4438.3368
302,21780.0,DRT/WALK,3,2459,13500,1537.082,1024.829131652661,30.0,5756.8931999999995
329,29760.0,DRT/WALK,5,2459,13500,1537.082,1024.829131652661,30.0,5786.2955999999995
213,None,None,None,None,None,None,None,None,3692.934
210,31380.0,DRT/WALK,5,2459,13500,1537.082,1024.829131652661,30.0,3680.1803999999997
200,21120.0,DRT/WALK,2,2459,13500,1537.082,1024.829131652661,30.0,3630.18
2564,20640.0,DRT/WALK,2,2459,13500,1537.082,1024.829131652661,30.0,2470.7952
206,21600.0,DRT/WALK,2,2459,13500,1537.082,1024.829131652661,30.0,3862.7879999999996
217,22560.0,DRT/WALK,4,2459,13500,1537.082,1024.829131652661,30.0,3864.3335999999995
212,32220.0,DRT/WALK,5,2459,13500,1537.082,1024.829131652661,30.0,4139.9292
211,23700.0,DRT/WALK,4,2459,13500,1537.082,1024.829131652661,30.0,4149.3984
295,27600.0,DRT/WALK,5,2459,13500,1537.082,1024.829131652661,30.0,4661.7384
335,21300.0,DRT/WALK,2,2459,13500,1537.082,1024.829131652661,30.0,4655.6268
681,21360.0,DRT/WALK,2,2459,13500,1537.082,1024.829131652661,30.0,3427.1316
682,None,None,None,None,None,None,None,None,3411.432
203,21420.0,DRT/WALK,2,2459,13500,1537.082,1024.829131652661,30.0,2993.0976
220,22740.0,DRT/WALK,4,2459,13500,1537.082,1024.829131652661,30.0,2999.8476
266,20160.0,DRT/WALK,1,2459,13500,1537.082,1024.829131652661,30.0,3807.0419999999995
273,None,None,None,None,None,None,None,None,3818.1875999999997
301,21540.0,DRT/WALK,2,2459,13500,1537.082,1024.829131652661,30.0,5511.3204
330,29880.0,DRT/WALK,5,2459,13500,1537.082,1024.829131652661,30.0,5530.9356
381,24180.0,DRT/WALK,4,2459,13500,1537.082,1024.829131652661,30.0,3827.5224
348,32100.0,DRT/WALK,5,2459,13500,1537.082,1024.829131652661,30.0,3807.5232
300,21600.0,DRT/WALK,2,2459,13500,1537.082,1024.829131652661,30.0,5390.682
331,29940.0,DRT/WALK,5,2459,13500,1537.082,1024.829131652661,30.0,5411.1924
265,20220.0,DRT/WALK,1,2459,13500,1537.082,1024.829131652661,30.0,3863.1348
274,None,None,None,None,None,None,None,None,3878.934
296,27660.0,DRT/WALK,5,2459,13500,1537.082,1024.829131652661,30.0,4333.9547999999995
334,21180.0,DRT/WALK,2,2459,13500,1537.082,1024.829131652661,30.0,4304.7516
382,23700.0,DRT/WALK,3,2459,13500,1537.082,1024.829131652661,30.0,2656.908
269,19800.0,DRT/WALK,1,2459,13500,1537.082,1024.829131652661,30.0,2654.9016
1250,20700.0,DRT/WALK,2,2459,13500,1537.082,1024.829131652661,30.0,2562.9048
1251,23520.0,DRT/WALK,3,2459,13500,1537.082,1024.829131652661,30.0,2581.3644
52,27420.0,DRT/WALK,5,2459,13500,1537.082,1024.829131652661,30.0,3052.7364000000002
53,27840.0,DRT/WALK,4,2459,13500,1537.082,1024.829131652661,30.0,3822.3347999999996
54,27180.0,DRT/WALK,6,2459,13500,1537.082,1024.829131652661,30.0,5167.9428
2616,21120.0,DRT/WALK,2,2459,13500,1537.082,1024.829131652661,30.0,3782.6879999999996
2618,21120.0,DRT/WALK,2,2459,13500,1537.082,1024.829131652661,30.0,3754.4676
2623,None,None,None,None,None,None,None,None,3763.8851999999997
2620,21120.0,DRT/WALK,2,2459,13500,1537.082,1024.829131652661,30.0,3789.9384
2624,None,None,None,None,None,None,None,None,3707.5452
2625,None,None,None,None,None,None,None,None,3683.4959999999996
2626,None,None,None,None,None,None,None,None,3700.5276
2627,None,None,None,None,None,None,None,None,3679.1987999999997
2628,None,None,None,None,None,None,None,None,3653.3399999999997
2631,31860.0,DRT/WALK,2,2459,13500,1537.082,1024.829131652661,30.0,3608.3016
2629,None,None,None,None,None,None,None,None,3629.8584
2630,None,None,None,None,None,None,None,None,3608.3016
1247,20400.0,DRT/WALK,1,2459,13500,1537.082,1024.829131652661,30.0,3448.0571999999997
2658,21120.0,DRT/WALK,2,2459,13500,1537.082,1024.829131652661,30.0,3743.0963999999994
2657,21120.0,DRT/WALK,2,2459,13500,1537.082,1024.829131652661,30.0,3734.9424
1246,None,None,None,None,None,None,None,None,3836.8848
268,19740.0,DRT/WALK,1,2459,13500,1537.082,1024.829131652661,30.0,2585.2428
55,21480.0,DRT/WALK,2,2459,13500,1537.082,1024.829131652661,30.0,3934.6620000000003
674,None,None,None,None,None,None,None,None,3893.8968
231,21300.0,DRT/WALK,2,2459,13500,1537.082,1024.829131652661,30.0,3326.0027999999998
255,None,None,None,None,None,None,None,None,3306.8459999999995
176,32280.0,DRT/WALK,5,2459,13500,1537.082,1024.829131652661,30.0,4294.2384
56,21780.0,DRT/WALK,2,2459,13500,1537.082,1024.829131652661,30.0,4359.342
689,None,None,None,None,None,None,None,None,2792.2824
196,None,None,None,None,None,None,None,None,4582.3104
2383,None,None,None,None,None,None,None,None,11104.782000000001
2311,37380.0,DRT/WALK,6,2459,13500,1537.082,1024.829131652661,30.0,11099.169600000001
2313,None,None,None,None,None,None,None,None,11444.1912
2387,37740.0,DRT/WALK,6,2459,13500,1537.082,1024.829131652661,30.0,11449.9944
2322,37140.0,DRT/WALK,6,2459,13500,1537.082,1024.829131652661,30.0,10203.029999999999
2405,None,None,None,None,None,None,None,None,10204.8288
2409,None,None,None,None,None,None,None,None,10845.6468
2394,37680.0,DRT/WALK,6,2459,13500,1537.082,1024.829131652661,30.0,11484.942
2317,None,None,None,None,None,None,None,None,11472.1284
702,33060.0,DRT/WALK,6,2459,13500,1537.082,1024.829131652661,30.0,6303.1176
701,None,None,None,None,None,None,None,None,6298.765199999999
2328,None,None,None,None,None,None,None,None,6942.619199999999
2604,None,None,None,None,None,None,None,None,7318.927199999999
2605,29880.0,DRT/WALK,5,2459,13500,1537.082,1024.829131652661,30.0,7310.108399999999
703,32760.0,DRT/WALK,5,2459,13500,1537.082,1024.829131652661,30.0,5697.1884
704,None,None,None,None,None,None,None,None,5716.95
2601,None,None,None,None,None,None,None,None,7624.1676
2602,29940.0,DRT/WALK,5,2459,13500,1537.082,1024.829131652661,30.0,7626.918
2649,None,None,None,None,None,None,None,None,7288.7424
2580,None,None,None,None,None,None,None,None,6207.6276
2581,31260.0,DRT/WALK,5,2459,13500,1537.082,1024.829131652661,30.0,6206.890799999999
2650,None,None,None,None,None,None,None,None,9287.9376
2583,None,None,None,None,None,None,None,None,6862.6752
2584,31200.0,DRT/WALK,5,2459,13500,1537.082,1024.829131652661,30.0,6832.225199999999
2586,31080.0,DRT/WALK,5,2459,13500,1537.082,1024.829131652661,30.0,7706.646
2588,30780.0,DRT/WALK,5,2459,13500,1537.082,1024.829131652661,30.0,7331.0376
2589,30660.0,DRT/WALK,5,2459,13500,1537.082,1024.829131652661,30.0,7336.614
2663,29460.0,DRT/WALK,4,2459,13500,1537.082,1024.829131652661,30.0,6919.6452
2664,33660.0,DRT/WALK,6,2459,13500,1537.082,1024.829131652661,30.0,6854.236799999999
576,None,None,None,None,None,None,None,None,5912.118
577,33240.0,DRT/WALK,6,2459,13500,1537.082,1024.829131652661,30.0,5919.1284
2591,30720.0,DRT/WALK,5,2459,13500,1537.082,1024.829131652661,30.0,6807.801599999999
716,None,None,None,None,None,None,None,None,5885.5512
717,31380.0,DRT/WALK,5,2459,13500,1537.082,1024.829131652661,30.0,5892.325199999999
2593,30300.0,DRT/WALK,5,2459,13500,1537.082,1024.829131652661,30.0,8502.7728
2331,30180.0,DRT/WALK,5,2459,13500,1537.082,1024.829131652661,30.0,7358.2512
2490,None,None,None,None,None,None,None,None,7371.2808
2595,None,None,None,None,None,None,None,None,8923.4244
2596,30180.0,DRT/WALK,5,2459,13500,1537.082,1024.829131652661,30.0,8912.274
2598,None,None,None,None,None,None,None,None,8148.995999999999
2599,30060.0,DRT/WALK,5,2459,13500,1537.082,1024.829131652661,30.0,8140.0235999999995
2327,None,None,None,None,None,None,None,None,7377.9432
708,33840.0,DRT/WALK,6,2459,13500,1537.082,1024.829131652661,30.0,6623.5944
711,32880.0,DRT/WALK,5,2459,13500,1537.082,1024.829131652661,30.0,7089.9276
709,29280.0,DRT/WALK,4,2459,13500,1537.082,1024.829131652661,30.0,6647.4947999999995
2578,31500.0,DRT/WALK,5,2459,13500,1537.082,1024.829131652661,30.0,5692.8756
712,None,None,None,None,None,None,None,None,7077.629999999999
714,19080.0,DRT/WALK,1,2459,13500,1537.082,1024.829131652661,30.0,7460.582399999999
715,None,None,None,None,None,None,None,None,7460.2188
185,29580.0,DRT/WALK,4,2459,13500,1537.082,1024.829131652661,30.0,7481.194799999999
63,31020.0,DRT/WALK,5,2459,13500,1537.082,1024.829131652661,30.0,7470.0599999999995
724,None,None,None,None,None,None,None,None,10851.499199999998
725,None,None,None,None,None,None,None,None,10854.596399999999
726,33660.0,DRT/WALK,4,2459,13500,1537.082,1024.829131652661,30.0,8573.9304
727,14400.0,DRT/WALK,0,2459,13500,1537.082,1024.829131652661,30.0,8603.3928
64,29220.0,DRT/WALK,3,2459,13500,1537.082,1024.829131652661,30.0,10230.3156
2558,34380.0,DRT/WALK,5,2459,13500,1537.082,1024.829131652661,30.0,7571.1936000000005
65,28980.0,DRT/WALK,3,2459,13500,1537.082,1024.829131652661,30.0,7579.9356
186,33840.0,DRT/WALK,4,2459,13500,1537.082,1024.829131652661,30.0,8761.9812
92,33600.0,DRT/WALK,5,2459,13500,1537.082,1024.829131652661,30.0,8765.1816
187,33420.0,DRT/WALK,4,2459,13500,1537.082,1024.829131652661,30.0,10004.3472
136,29100.0,DRT/WALK,3,2459,13500,1537.082,1024.829131652661,30.0,9997.5816
2336,37200.0,DRT/WALK,6,2459,13500,1537.082,1024.829131652661,30.0,11283.487200000001
2433,None,None,None,None,None,None,None,None,11280.4476
2339,None,None,None,None,None,None,None,None,11598.112799999999
2463,37500.0,DRT/WALK,6,2459,13500,1537.082,1024.829131652661,30.0,11607.4512
751,26640.0,DRT/WALK,5,2459,13500,1537.082,1024.829131652661,30.0,8746.8552
750,25020.0,DRT/WALK,4,2459,13500,1537.082,1024.829131652661,30.0,8762.8092
746,34500.0,DRT/WALK,5,2459,13500,1537.082,1024.829131652661,30.0,6387.818399999999
747,28860.0,DRT/WALK,3,2459,13500,1537.082,1024.829131652661,30.0,6402.0696
286,34620.0,DRT/WALK,5,2459,13500,1537.082,1024.829131652661,30.0,6054.549599999999
344,21900.0,DRT/WALK,2,2459,13500,1537.082,1024.829131652661,30.0,6079.7952
290,27120.0,DRT/WALK,5,2459,13500,1537.082,1024.829131652661,30.0,6527.655599999999
340,21660.0,DRT/WALK,2,2459,13500,1537.082,1024.829131652661,30.0,6567.111599999999
2554,24720.0,DRT/WALK,4,2459,13500,1537.082,1024.829131652661,30.0,6896.409599999999
2557,28320.0,DRT/WALK,6,2459,13500,1537.082,1024.829131652661,30.0,6854.16
287,38880.0,DRT/WALK,6,2459,13500,1537.082,1024.829131652661,30.0,5932.8288
343,21840.0,DRT/WALK,2,2459,13500,1537.082,1024.829131652661,30.0,5944.589999999999
756,26580.0,DRT/WALK,5,2459,13500,1537.082,1024.829131652661,30.0,9449.5764
755,25080.0,DRT/WALK,4,2459,13500,1537.082,1024.829131652661,30.0,9439.5612
2555,24840.0,DRT/WALK,4,2459,13500,1537.082,1024.829131652661,30.0,7704.9648
2556,28200.0,DRT/WALK,6,2459,13500,1537.082,1024.829131652661,30.0,7642.11
748,26820.0,DRT/WALK,5,2459,13500,1537.082,1024.829131652661,30.0,6730.374
749,28800.0,DRT/WALK,5,2459,13500,1537.082,1024.829131652661,30.0,6752.112
758,None,None,None,None,None,None,None,None,5855.9616
757,32820.0,DRT/WALK,5,2459,13500,1537.082,1024.829131652661,30.0,5862.1752
754,26700.0,DRT/WALK,5,2459,13500,1537.082,1024.829131652661,30.0,8153.817599999999
753,24960.0,DRT/WALK,4,2459,13500,1537.082,1024.829131652661,30.0,8163.604799999999
292,27300.0,DRT/WALK,5,2459,13500,1537.082,1024.829131652661,30.0,5922.951599999999
338,21420.0,DRT/WALK,2,2459,13500,1537.082,1024.829131652661,30.0,5987.482800000001
764,22800.0,DRT/WALK,3,2459,13500,1537.082,1024.829131652661,30.0,5625.575999999999
765,24540.0,DRT/WALK,4,2459,13500,1537.082,1024.829131652661,30.0,5645.7804
291,27240.0,DRT/WALK,5,2459,13500,1537.082,1024.829131652661,30.0,6282.9684
339,21600.0,DRT/WALK,2,2459,13500,1537.082,1024.829131652661,30.0,6394.8396
288,24660.0,DRT/WALK,4,2459,13500,1537.082,1024.829131652661,30.0,6264.748799999999
342,21840.0,DRT/WALK,2,2459,13500,1537.082,1024.829131652661,30.0,6254.8188
762,None,None,None,None,None,None,None,None,6141.942
763,32280.0,DRT/WALK,5,2459,13500,1537.082,1024.829131652661,30.0,6152.6687999999995
285,None,None,None,None,None,None,None,None,5547.7152
345,22020.0,DRT/WALK,2,2459,13500,1537.082,1024.829131652661,30.0,5535.1536
293,27420.0,DRT/WALK,5,2459,13500,1537.082,1024.829131652661,30.0,5511.96
337,21420.0,DRT/WALK,2,2459,13500,1537.082,1024.829131652661,30.0,5555.575199999999
184,32400.0,DRT/WALK,5,2459,13500,1537.082,1024.829131652661,30.0,4690.8252
113,None,None,None,None,None,None,None,None,4759.9764
180,22080.0,DRT/WALK,2,2459,13500,1537.082,1024.829131652661,30.0,4918.568399999999
68,None,None,None,None,None,None,None,None,4977.928800000001
742,28740.0,DRT/WALK,5,2459,13500,1537.082,1024.829131652661,30.0,6268.7508
743,26940.0,DRT/WALK,5,2459,13500,1537.082,1024.829131652661,30.0,6258.9384
282,22200.0,DRT/WALK,2,2459,13500,1537.082,1024.829131652661,30.0,4657.534799999999
289,27120.0,DRT/WALK,5,2459,13500,1537.082,1024.829131652661,30.0,6712.0356
341,21660.0,DRT/WALK,2,2459,13500,1537.082,1024.829131652661,30.0,6752.556
313,22500.0,DRT/WALK,3,2459,13500,1537.082,1024.829131652661,30.0,8228.7348
318,30000.0,DRT/WALK,5,2459,13500,1537.082,1024.829131652661,30.0,8209.2708
772,33780.0,DRT/WALK,4,2459,13500,1537.082,1024.829131652661,30.0,7591.0344
773,28680.0,DRT/WALK,5,2459,13500,1537.082,1024.829131652661,30.0,7578.343199999999
769,24120.0,DRT/WALK,4,2459,13500,1537.082,1024.829131652661,30.0,10640.073599999998
768,28200.0,DRT/WALK,4,2459,13500,1537.082,1024.829131652661,30.0,10661.0028
312,22440.0,DRT/WALK,3,2459,13500,1537.082,1024.829131652661,30.0,7637.7432
319,30060.0,DRT/WALK,5,2459,13500,1537.082,1024.829131652661,30.0,7641.5688
781,24240.0,DRT/WALK,4,2459,13500,1537.082,1024.829131652661,30.0,11731.5216
780,28200.0,DRT/WALK,5,2459,13500,1537.082,1024.829131652661,30.0,11744.6124
774,23820.0,DRT/WALK,4,2459,13500,1537.082,1024.829131652661,30.0,8442.855599999999
775,28620.0,DRT/WALK,4,2459,13500,1537.082,1024.829131652661,30.0,8411.4636
779,26640.0,DRT/WALK,4,2459,13500,1537.082,1024.829131652661,30.0,7355.3135999999995
778,22200.0,DRT/WALK,4,2459,13500,1537.082,1024.829131652661,30.0,7390.792799999999
315,24060.0,DRT/WALK,4,2459,13500,1537.082,1024.829131652661,30.0,9575.2104
316,28320.0,DRT/WALK,4,2459,13500,1537.082,1024.829131652661,30.0,9548.4528
791,31380.0,DRT/WALK,6,2459,13500,1537.082,1024.829131652661,30.0,6987.159599999999
790,33240.0,DRT/WALK,4,2459,13500,1537.082,1024.829131652661,30.0,7000.765199999999
770,30120.0,DRT/WALK,5,2459,13500,1537.082,1024.829131652661,30.0,6851.0112
96,22380.0,DRT/WALK,3,2459,13500,1537.082,1024.829131652661,30.0,6873.0132
771,28800.0,DRT/WALK,5,2459,13500,1537.082,1024.829131652661,30.0,7280.061599999999
106,33660.0,DRT/WALK,4,2459,13500,1537.082,1024.829131652661,30.0,7287.6035999999995
792,28380.0,DRT/WALK,5,2459,13500,1537.082,1024.829131652661,30.0,6232.622399999999
86,28320.0,DRT/WALK,5,2459,13500,1537.082,1024.829131652661,30.0,6114.3744
784,28500.0,DRT/WALK,5,2459,13500,1537.082,1024.829131652661,30.0,7155.4044
69,33180.0,DRT/WALK,4,2459,13500,1537.082,1024.829131652661,30.0,7141.9223999999995
70,28080.0,DRT/WALK,4,2459,13500,1537.082,1024.829131652661,30.0,9940.32
785,32460.0,DRT/WALK,5,2459,13500,1537.082,1024.829131652661,30.0,9942.4308
71,33300.0,DRT/WALK,4,2459,13500,1537.082,1024.829131652661,30.0,6633.3828
170,28440.0,DRT/WALK,5,2459,13500,1537.082,1024.829131652661,30.0,6629.5596
795,28740.0,DRT/WALK,5,2459,13500,1537.082,1024.829131652661,30.0,10226.586000000001
72,24120.0,DRT/WALK,4,2459,13500,1537.082,1024.829131652661,30.0,10248.8568
162,32520.0,DRT/WALK,5,2459,13500,1537.082,1024.829131652661,30.0,9347.7168
90,28020.0,DRT/WALK,4,2459,13500,1537.082,1024.829131652661,30.0,9356.2788
167,32700.0,DRT/WALK,5,2459,13500,1537.082,1024.829131652661,30.0,7820.268
147,33900.0,DRT/WALK,4,2459,13500,1537.082,1024.829131652661,30.0,7844.210399999999
166,28440.0,DRT/WALK,4,2459,13500,1537.082,1024.829131652661,30.0,8893.7628
89,22620.0,DRT/WALK,3,2459,13500,1537.082,1024.829131652661,30.0,8901.3792
800,27960.0,DRT/WALK,5,2459,13500,1537.082,1024.829131652661,30.0,3297.2124
801,None,None,None,None,None,None,None,None,3292.9655999999995
816,None,None,None,None,None,None,None,None,3363.8651999999997
817,28260.0,DRT/WALK,5,2459,13500,1537.082,1024.829131652661,30.0,3358.8563999999997
802,None,None,None,None,None,None,None,None,4669.2144
803,31500.0,DRT/WALK,7,2459,13500,1537.082,1024.829131652661,30.0,4664.9508
818,28620.0,DRT/WALK,4,2459,13500,1537.082,1024.829131652661,30.0,5630.6412
819,32940.0,DRT/WALK,5,2459,13500,1537.082,1024.829131652661,30.0,5633.4552
804,32280.0,DRT/WALK,6,2459,13500,1537.082,1024.829131652661,30.0,2935.0175999999997
805,28200.0,DRT/WALK,5,2459,13500,1537.082,1024.829131652661,30.0,2921.4348
820,37440.0,DRT/WALK,5,2459,13500,1537.082,1024.829131652661,30.0,3486.0888
821,32760.0,DRT/WALK,6,2459,13500,1537.082,1024.829131652661,30.0,3498.5963999999994
281,29400.0,DRT/WALK,6,2459,13500,1537.082,1024.829131652661,30.0,2796.4992
258,23040.0,DRT/WALK,4,2459,13500,1537.082,1024.829131652661,30.0,2810.862
822,None,None,None,None,None,None,None,None,3282.5712
823,31740.0,DRT/WALK,7,2459,13500,1537.082,1024.829131652661,30.0,3278.0855999999994
806,None,None,None,None,None,None,None,None,4817.994
807,31560.0,DRT/WALK,7,2459,13500,1537.082,1024.829131652661,30.0,4813.272
2614,23040.0,DRT/WALK,4,2459,13500,1537.082,1024.829131652661,30.0,2447.856
2615,29460.0,DRT/WALK,6,2459,13500,1537.082,1024.829131652661,30.0,2461.1628
809,37320.0,DRT/WALK,5,2459,13500,1537.082,1024.829131652661,30.0,4675.0199999999995
810,32700.0,DRT/WALK,6,2459,13500,1537.082,1024.829131652661,30.0,4682.3544
260,22980.0,DRT/WALK,4,2459,13500,1537.082,1024.829131652661,30.0,2592.5507999999995
279,29520.0,DRT/WALK,6,2459,13500,1537.082,1024.829131652661,30.0,2623.356
812,None,None,None,None,None,None,None,None,3748.0595999999996
811,31800.0,DRT/WALK,7,2459,13500,1537.082,1024.829131652661,30.0,3733.4688
75,28800.0,DRT/WALK,5,2459,13500,1537.082,1024.829131652661,30.0,2489.8307999999997
182,37500.0,DRT/WALK,5,2459,13500,1537.082,1024.829131652661,30.0,2497.8156
179,31920.0,DRT/WALK,5,2459,13500,1537.082,1024.829131652661,30.0,3785.1312
76,None,None,None,None,None,None,None,None,3791.4635999999996
2606,31740.0,DRT/WALK,5,2459,13500,1537.082,1024.829131652661,30.0,3286.2192
257,23160.0,DRT/WALK,4,2459,13500,1537.082,1024.829131652661,30.0,3289.9296
181,28800.0,DRT/WALK,4,2459,13500,1537.082,1024.829131652661,30.0,4278.1188
78,32640.0,DRT/WALK,6,2459,13500,1537.082,1024.829131652661,30.0,4269.6048
109,28680.0,DRT/WALK,4,2459,13500,1537.082,1024.829131652661,30.0,5136.1836
662,32940.0,DRT/WALK,5,2459,13500,1537.082,1024.829131652661,30.0,6193.155599999999
661,28560.0,DRT/WALK,4,2459,13500,1537.082,1024.829131652661,30.0,6191.2068
369,23280.0,DRT/WALK,4,2459,13500,1537.082,1024.829131652661,30.0,4701.4572
361,25620.0,DRT/WALK,5,2459,13500,1537.082,1024.829131652661,30.0,4705.2576
840,28800.0,DRT/WALK,4,2459,13500,1537.082,1024.829131652661,30.0,7228.138799999999
841,23640.0,DRT/WALK,4,2459,13500,1537.082,1024.829131652661,30.0,7221.495599999999
307,22140.0,DRT/WALK,3,2459,13500,1537.082,1024.829131652661,30.0,6271.0656
324,30480.0,DRT/WALK,5,2459,13500,1537.082,1024.829131652661,30.0,6287.8992
310,22260.0,DRT/WALK,3,2459,13500,1537.082,1024.829131652661,30.0,6232.17
321,30240.0,DRT/WALK,5,2459,13500,1537.082,1024.829131652661,30.0,6242.3568
311,22320.0,DRT/WALK,3,2459,13500,1537.082,1024.829131652661,30.0,6451.3776
320,30120.0,DRT/WALK,5,2459,13500,1537.082,1024.829131652661,30.0,6491.237999999999
306,22020.0,DRT/WALK,3,2459,13500,1537.082,1024.829131652661,30.0,6175.900799999999
325,30480.0,DRT/WALK,5,2459,13500,1537.082,1024.829131652661,30.0,6181.9308
834,31380.0,DRT/WALK,7,2459,13500,1537.082,1024.829131652661,30.0,4423.8648
833,None,None,None,None,None,None,None,None,4428.93
835,29400.0,DRT/WALK,5,2459,13500,1537.082,1024.829131652661,30.0,6963.386399999999
836,23580.0,DRT/WALK,4,2459,13500,1537.082,1024.829131652661,30.0,6953.842799999999
366,33960.0,DRT/WALK,4,2459,13500,1537.082,1024.829131652661,30.0,6000.5616
364,31200.0,DRT/WALK,7,2459,13500,1537.082,1024.829131652661,30.0,6007.374000000001
305,21960.0,DRT/WALK,3,2459,13500,1537.082,1024.829131652661,30.0,6077.177999999999
326,30540.0,DRT/WALK,5,2459,13500,1537.082,1024.829131652661,30.0,6098.408399999999
837,29520.0,DRT/WALK,5,2459,13500,1537.082,1024.829131652661,30.0,6567.485999999999
838,23520.0,DRT/WALK,4,2459,13500,1537.082,1024.829131652661,30.0,6557.8092
363,33060.0,DRT/WALK,5,2459,13500,1537.082,1024.829131652661,30.0,5517.8676
367,34020.0,DRT/WALK,4,2459,13500,1537.082,1024.829131652661,30.0,5542.9536
842,23460.0,DRT/WALK,4,2459,13500,1537.082,1024.829131652661,30.0,6201.618
843,29580.0,DRT/WALK,5,2459,13500,1537.082,1024.829131652661,30.0,6213.5124
847,28860.0,DRT/WALK,4,2459,13500,1537.082,1024.829131652661,30.0,6767.4276
846,23580.0,DRT/WALK,4,2459,13500,1537.082,1024.829131652661,30.0,6772.2396
845,26640.0,DRT/WALK,5,2459,13500,1537.082,1024.829131652661,30.0,5173.3032
844,21660.0,DRT/WALK,3,2459,13500,1537.082,1024.829131652661,30.0,5177.231999999999
309,22200.0,DRT/WALK,3,2459,13500,1537.082,1024.829131652661,30.0,6011.4432
322,30240.0,DRT/WALK,5,2459,13500,1537.082,1024.829131652661,30.0,6037.3512
793,33480.0,DRT/WALK,4,2459,13500,1537.082,1024.829131652661,30.0,6221.949599999999
173,33480.0,DRT/WALK,4,2459,13500,1537.082,1024.829131652661,30.0,6104.8224
365,33300.0,DRT/WALK,6,2459,13500,1537.082,1024.829131652661,30.0,6057.0168
174,30300.0,DRT/WALK,5,2459,13500,1537.082,1024.829131652661,30.0,6046.6944
103,22140.0,DRT/WALK,3,2459,13500,1537.082,1024.829131652661,30.0,6033.947999999999
175,21840.0,DRT/WALK,3,2459,13500,1537.082,1024.829131652661,30.0,5273.6424
124,22020.0,DRT/WALK,4,2459,13500,1537.082,1024.829131652661,30.0,5261.7624
1254,22020.0,DRT/WALK,4,2459,13500,1537.082,1024.829131652661,30.0,5069.28
