destination,total_time,direct_walk_time
734,11640.0,4030.6692
733,3540.0,4062.8891999999996
739,11400.0,5706.956399999999
740,3780.0,5642.61
728,11340.0,6350.995199999999
729,3840.0,6226.659599999999
738,11520.0,4647.7968
737,3660.0,4662.5064
730,11580.0,4353.7068
731,3600.0,4382.184
736,11460.0,4909.7844
735,3720.0,4860.3804
435,35760.0,7375.1376
434,15840.0,7384.4484
436,None,10741.150800000001
437,19440.0,10746.1932
438,11040.0,8599.8624
439,4080.0,8595.1008
440,15900.0,6920.6687999999995
441,15540.0,6924.111599999999
444,8580.0,8825.166
445,4140.0,8846.276399999999
442,11280.0,7453.738799999999
443,3840.0,7540.6944
447,11160.0,8018.8188
446,3960.0,7992.1716
448,3720.0,6032.2716
22,16080.0,8003.2548
177,None,8011.401599999999
172,15720.0,8256.0504
105,15660.0,8253.3048
456,None,11446.773599999999
457,16140.0,11436.744
458,None,11427.9864
459,19620.0,11433.6084
461,None,11054.238
460,16380.0,11048.689199999999
171,16500.0,10316.3592
23,None,10310.804399999999
451,4320.0,10950.1308
24,16320.0,11832.1188
169,20760.0,11837.6556
526,7860.0,11789.769600000001
527,4560.0,11800.4364
532,11160.0,9248.308799999999
531,4020.0,9262.1184
161,19200.0,10019.301599999999
97,15840.0,10028.6148
534,16500.0,10939.3608
35,19320.0,10801.908
600,15900.0,10903.863599999999
601,None,10897.497599999999
584,11040.0,10368.0888
583,4140.0,10396.659599999999
602,3660.0,11171.2224
603,12660.0,11182.8444
586,2580.0,8028.9276
585,14040.0,8008.3704
595,4320.0,11790.678
594,11760.0,11796.2208
597,2880.0,10306.5108
596,13320.0,10319.4684
582,3600.0,11201.997599999999
581,12720.0,11216.9628
592,3120.0,11677.9908
593,13260.0,11608.9908
151,4260.0,11033.6484
156,3720.0,11019.186
130,2820.0,9740.706
153,13500.0,9720.083999999999
598,13980.0,8629.2492
599,2700.0,8540.9664
613,None,11667.287999999999
614,18000.0,11671.008
2640,3180.0,11610.372
2459,None,11261.115600000001
653,None,11335.9428
654,16980.0,11342.7564
656,None,10908.4476
657,17340.0,10916.4744
660,28500.0,11135.2944
659,17100.0,11139.509999999998
178,17220.0,11176.226400000001
95,15960.0,11168.8932
788,16620.0,2403.9756
227,6300.0,9693.994799999999
194,6660.0,9595.7808
235,3660.0,6903.5316
278,20160.0,7342.343999999999
261,6600.0,7335.4572
352,21420.0,6754.1208
294,12360.0,8984.9748
336,6180.0,8937.6228
379,5340.0,6629.2848
350,21300.0,6614.0796
221,5700.0,7554.534
202,4140.0,7560.4776
228,6300.0,9675.6648
193,6480.0,9656.7276
303,5460.0,5216.035199999999
328,2940.0,5212.722000000001
204,4260.0,6908.949599999999
219,5580.0,6927.213599999999
270,12300.0,9951.594000000001
333,6360.0,6911.2932
298,3240.0,6926.0412
377,5220.0,6633.1092
249,3660.0,6719.987999999999
236,5220.0,6722.636399999999
304,5580.0,4733.6208
327,2880.0,4779.5436
688,6780.0,8985.6588
687,None,8934.336
2611,14460.0,8488.8516
2612,2520.0,8501.8632
205,4440.0,6770.868
218,5460.0,6790.272
222,5760.0,7940.2848
201,4020.0,7961.473199999999
276,20340.0,6985.160399999999
263,6420.0,7002.9612
247,5160.0,6257.237999999999
238,3780.0,6245.4216
198,6840.0,8068.5336
224,6060.0,8060.089199999999
299,6480.0,6949.1436
332,3240.0,6980.0808
380,1800.0,6963.016799999999
349,18360.0,6975.227999999999
1258,4200.0,7206.1308
1259,5640.0,7213.0764
242,None,5918.7192
243,4020.0,5905.069199999999
359,6780.0,5587.1388
370,4740.0,5675.5008
216,4500.0,6665.3892
207,5400.0,6636.941999999999
215,4500.0,6536.0436
208,5280.0,6528.208799999999
355,6660.0,6414.3024000000005
374,4860.0,6371.1539999999995
226,6300.0,9417.5424
195,6660.0,9399.2892
251,3540.0,7316.151599999999
234,5400.0,7294.164
690,1500.0,5169.4439999999995
691,13680.0,5137.3823999999995
1260,4740.0,5567.418000000001
1261,5100.0,5565.111599999999
241,None,5650.0452
244,3960.0,5665.9356
277,20220.0,7090.1052
262,6480.0,7113.561599999999
675,6720.0,9011.5764
676,6180.0,9023.2536
256,None,9336.2436
229,4740.0,9333.5484
245,3840.0,5785.1975999999995
240,3000.0,5862.8148
356,6660.0,6349.2108
373,4860.0,6358.1268
684,1620.0,5934.872399999999
685,4680.0,5936.6892
354,21540.0,6442.1544
375,5100.0,6413.8992
2566,None,9285.0336
2565,4680.0,9292.7616
214,4560.0,6214.6308
209,5280.0,6229.911599999999
250,6300.0,7014.105599999999
297,3420.0,7033.5444
252,3420.0,7579.1052
233,5520.0,7586.2824
271,12360.0,9778.3308
353,21480.0,6507.1668
376,5160.0,6486.9984
351,21360.0,6838.0896
378,5280.0,6853.546799999999
275,12180.0,6831.1068
264,6300.0,6804.0504
371,4800.0,6192.768
254,2580.0,8611.608
357,18120.0,6631.9223999999995
372,15120.0,6648.534
272,None,9239.262
267,12480.0,9217.3236
686,18300.0,5506.889999999999
225,6120.0,8638.356
197,6780.0,8641.0908
302,5460.0,5491.5828
329,2940.0,5445.281999999999
213,None,6482.2332
210,15060.0,6487.998
200,3960.0,7843.749599999999
2564,2760.0,9803.4528
206,4440.0,6600.2688
217,5400.0,6583.6752
212,18420.0,6274.095599999999
211,1680.0,6275.5019999999995
295,12480.0,8507.8728
335,6180.0,8464.472399999999
681,4680.0,9117.769199999999
682,None,9126.5772
203,4260.0,7247.5248
220,5580.0,7256.1492
266,12540.0,8718.5772
273,None,8730.385199999999
301,3840.0,6161.1276
330,3000.0,6136.908
381,1860.0,7212.062399999999
348,18300.0,7210.643999999999
300,6480.0,6585.96
331,3060.0,6571.7508
265,6840.0,8456.91
274,None,8451.3036
296,12540.0,7578.6876
334,6060.0,7603.894799999999
382,2880.0,10172.083200000001
269,12180.0,10151.8368
1250,14280.0,9421.2732
1251,2700.0,9437.8524
52,17820.0,7629.2592
53,16500.0,9281.4828
54,2700.0,4686.786
2616,2400.0,7920.6168
2618,4440.0,7945.9248
2623,None,7952.8859999999995
2620,3420.0,7929.0828
2624,None,8031.715199999999
2625,None,8055.0743999999995
2626,None,8022.411599999999
2627,None,8045.5356
2628,None,8067.400799999999
2631,16500.0,8108.912399999999
2629,None,8089.9547999999995
2630,None,8108.912399999999
1247,1980.0,8319.6216
2658,6000.0,7971.9648
2657,6000.0,7960.164
1246,None,7820.933999999999
268,12120.0,10590.8136
55,4800.0,9485.4288
674,None,9444.496799999999
231,4620.0,8798.2596
255,None,8796.8352
176,18480.0,5994.883199999999
56,4080.0,5961.2376
689,15600.0,9699.506399999998
196,16200.0,8870.007599999999
286,19560.0,11533.0092
344,6780.0,11555.0784
290,12000.0,10851.0648
340,6540.0,10897.852799999999
2554,8520.0,11440.681199999999
2557,12420.0,11421.1092
287,19740.0,11188.9956
343,6720.0,11188.7244
758,None,11534.5896
757,17820.0,11534.117999999999
292,12180.0,9909.460799999999
338,6300.0,9931.189199999999
764,12240.0,10876.4292
765,8340.0,10885.9692
291,12120.0,10324.6548
339,6480.0,10434.5988
288,8460.0,11133.9468
342,6720.0,11140.528799999998
285,None,11547.912
345,6900.0,11541.320399999999
293,12300.0,9463.7892
337,6300.0,9480.7596
180,6960.0,10810.798799999999
68,None,10809.9324
742,13620.0,11670.991199999999
743,12120.0,11666.9676
282,7080.0,10829.1456
289,12000.0,11230.1652
341,6540.0,11257.3068
772,19380.0,3076.8983999999996
773,15480.0,3076.0764
312,3720.0,2585.1276000000003
319,4140.0,2575.0080000000003
781,2160.0,2543.2104
780,14400.0,2575.848
779,11700.0,3988.6536
778,3480.0,4027.7747999999997
776,2400.0,5097.721199999999
777,14340.0,5076.774
791,15180.0,3368.7443999999996
790,18840.0,3351.5424000000003
770,4200.0,3069.0575999999996
96,3660.0,3064.554
771,15600.0,3919.2371999999996
106,19260.0,3913.0487999999996
792,15780.0,3768.8844
86,15720.0,4212.6132
784,15240.0,3089.9232
69,18780.0,3097.0056
71,18900.0,3521.4959999999996
170,15120.0,3527.9987999999994
800,15540.0,8423.586
801,None,8426.5692
816,None,8944.300799999999
817,15660.0,8949.498
802,None,6016.356
803,15060.0,6019.9259999999995
818,28620.0,11405.408399999998
819,16920.0,11411.0448
804,16080.0,8605.0104
805,15600.0,8610.5484
820,37440.0,11907.9012
821,16560.0,11921.9844
281,19920.0,8942.106
258,6660.0,8979.7164
822,None,7446.8171999999995
823,15420.0,7455.066
806,None,6620.262
807,15120.0,6624.9576
2614,6660.0,8742.715199999999
2615,19980.0,8738.8632
809,37320.0,11620.3212
810,16620.0,11629.6224
260,6600.0,7605.079199999999
279,20040.0,7544.994
812,None,8103.6323999999995
811,15480.0,8100.1092
75,16200.0,11268.422400000001
182,37500.0,11273.727599999998
179,15600.0,10273.5636
76,None,10270.292399999998
2606,15420.0,9313.8036
257,6720.0,9301.2192
181,28800.0,11554.1928
78,16380.0,11573.2296
109,8880.0,11553.532799999999
813,37560.0,10567.949999999999
104,16020.0,10612.933200000001
662,16920.0,11397.3336
661,28560.0,11392.4556
369,4560.0,5076.154799999999
361,6900.0,5074.3607999999995
840,2040.0,2691.6047999999996
841,5760.0,2692.9764
307,2220.0,3803.1503999999995
324,4560.0,3792.3924
310,2460.0,3523.0884
321,4320.0,3511.284
311,3600.0,3380.5584
320,4200.0,3342.4139999999998
306,6900.0,4165.1556
325,4560.0,4188.3192
834,14940.0,5414.0256
833,None,5409.486
835,2040.0,3128.484
836,5760.0,3136.1531999999997
366,15120.0,3777.978
364,14340.0,3773.8871999999997
305,6840.0,4509.6756
326,4620.0,4511.7083999999995
837,2700.0,3958.1495999999997
838,5640.0,3962.8439999999996
363,14340.0,4221.2676
367,15180.0,4196.3652
842,5580.0,4448.6676
843,2700.0,4458.4524
847,2640.0,3527.8439999999996
846,5700.0,3503.9183999999996
845,1320.0,4574.1348
844,3060.0,4568.2884
309,2340.0,3726.4739999999997
322,4320.0,3699.8651999999997
793,19080.0,3777.0575999999996
173,19080.0,4218.924
365,14580.0,3703.0067999999997
174,4380.0,3733.884
103,3420.0,3750.4296
175,3180.0,4474.1448
124,1200.0,4483.024799999999
1254,4860.0,4668.1044
