destination,total_time,transport,correspondance,1st_station,time_to_1st_station,walking_time,drt_time,drt_waiting_time,direct_walk_time
399,None,None,None,None,None,None,None,None,11167.5348
400,32580.0,DRT,7,257,1200,None,1024.829131652661,30.0,11146.5852
413,17760.0,DRT,5,257,1200,None,1024.829131652661,30.0,10580.82
414,15420.0,DRT,3,257,1200,None,1024.829131652661,30.0,10565.051999999998
1267,17520.0,DRT,5,257,1200,None,1024.829131652661,30.0,11868.8616
1266,15360.0,DRT,2,257,1200,None,1024.829131652661,30.0,11888.274
734,12840.0,DRT,5,257,1200,None,1024.829131652661,30.0,4667.741999999999
733,14340.0,DRT,2,257,1200,None,1024.829131652661,30.0,4677.336
739,12600.0,DRT,5,257,1200,None,1024.829131652661,30.0,6791.46
740,14580.0,DRT,2,257,1200,None,1024.829131652661,30.0,6732.759599999999
728,12540.0,DRT,5,257,1200,None,1024.829131652661,30.0,7300.760399999999
729,14640.0,DRT,2,257,1200,None,1024.829131652661,30.0,7232.9364
738,12720.0,DRT,5,257,1200,None,1024.829131652661,30.0,5639.4803999999995
737,14460.0,DRT,2,257,1200,None,1024.829131652661,30.0,5646.5664
730,12780.0,DRT,5,257,1200,None,1024.829131652661,30.0,4826.0328
731,14400.0,DRT,2,257,1200,None,1024.829131652661,30.0,4822.9092
736,12660.0,DRT,5,257,1200,None,1024.829131652661,30.0,6049.771199999999
735,14520.0,DRT,2,257,1200,None,1024.829131652661,30.0,6004.959599999999
435,35760.0,DRT,5,257,1200,None,1024.829131652661,30.0,3795.9851999999996
434,15840.0,DRT,4,257,1200,None,1024.829131652661,30.0,3805.5996
436,None,None,None,None,None,None,None,None,5008.7244
437,19440.0,DRT,3,257,1200,None,1024.829131652661,30.0,5009.7372
438,18720.0,DRT,6,257,1200,None,1024.829131652661,30.0,2867.4864000000002
439,14700.0,DRT,3,257,1200,None,1024.829131652661,30.0,2848.4784
440,15900.0,DRT,4,257,1200,None,1024.829131652661,30.0,3526.5516
441,15540.0,DRT,4,257,1200,None,1024.829131652661,30.0,3526.0428
444,18600.0,DRT,6,257,1200,None,1024.829131652661,30.0,3166.3404
445,14760.0,DRT,3,257,1200,None,1024.829131652661,30.0,3162.6312
442,18960.0,DRT,6,257,1200,None,1024.829131652661,30.0,2506.794
443,14460.0,DRT,3,257,1200,None,1024.829131652661,30.0,2522.7384
447,18840.0,DRT,6,257,1200,None,1024.829131652661,30.0,2556.4919999999997
446,14580.0,DRT,3,257,1200,None,1024.829131652661,30.0,2541.9311999999995
172,15720.0,DRT,4,257,1200,None,1024.829131652661,30.0,3848.6051999999995
105,15660.0,DRT,4,257,1200,None,1024.829131652661,30.0,3841.0523999999996
452,19920.0,DRT,6,257,1200,None,1024.829131652661,30.0,8264.8236
454,21060.0,DRT,6,257,1200,None,1024.829131652661,30.0,7367.372399999999
455,19740.0,DRT,3,257,1200,None,1024.829131652661,30.0,7352.7516
456,None,None,None,None,None,None,None,None,6637.1316
457,21180.0,DRT,6,257,1200,None,1024.829131652661,30.0,6627.1716
465,18120.0,DRT,5,257,1200,None,1024.829131652661,30.0,8047.8636
464,16200.0,DRT,4,257,1200,None,1024.829131652661,30.0,8048.488799999999
458,None,None,None,None,None,None,None,None,6141.281999999999
459,19620.0,DRT,3,257,1200,None,1024.829131652661,30.0,6136.2348
461,None,None,None,None,None,None,None,None,6025.1651999999995
460,32700.0,DRT,7,257,1200,None,1024.829131652661,30.0,6026.5824
463,20820.0,DRT,6,257,1200,None,1024.829131652661,30.0,7767.397199999999
462,20100.0,DRT,6,257,1200,None,1024.829131652661,30.0,7775.992799999999
171,32760.0,DRT,7,257,1200,None,1024.829131652661,30.0,5787.1716
23,None,None,None,None,None,None,None,None,5779.9223999999995
451,14940.0,DRT,3,257,1200,None,1024.829131652661,30.0,7178.406
24,16320.0,DRT,4,257,1200,None,1024.829131652661,30.0,7660.9392
169,20760.0,DRT,6,257,1200,None,1024.829131652661,30.0,7654.981199999999
571,13500.0,DRT,3,257,1200,None,1024.829131652661,30.0,11872.507199999998
572,19020.0,DRT,4,257,1200,None,1024.829131652661,30.0,11875.001999999999
2243,14700.0,DRT,3,257,1200,None,1024.829131652661,30.0,11776.3632
578,None,None,None,None,None,None,None,None,6314.735999999999
579,13740.0,DRT,4,257,1200,None,1024.829131652661,30.0,6318.0912
183,37020.0,DRT,2,257,1200,None,1024.829131652661,30.0,6347.352
87,13860.0,DRT,4,257,1200,None,1024.829131652661,30.0,6381.6012
580,None,None,None,None,None,None,None,None,6844.520399999999
31,14040.0,DRT,4,257,1200,None,1024.829131652661,30.0,6835.0008
526,17940.0,DRT,5,257,1200,None,1024.829131652661,30.0,8797.0908
527,15180.0,DRT,3,257,1200,None,1024.829131652661,30.0,8791.7832
529,17880.0,DRT,5,257,1200,None,1024.829131652661,30.0,9306.091199999999
530,15240.0,DRT,3,257,1200,None,1024.829131652661,30.0,9304.091999999999
532,12360.0,DRT,5,257,1200,None,1024.829131652661,30.0,8494.995599999998
531,14820.0,DRT,2,257,1200,None,1024.829131652661,30.0,8505.897599999998
161,19200.0,DRT,3,257,1200,None,1024.829131652661,30.0,8505.3132
97,20880.0,DRT,4,257,1200,None,1024.829131652661,30.0,8509.9524
534,32940.0,DRT,7,257,1200,None,1024.829131652661,30.0,8795.7276
35,19320.0,DRT,3,257,1200,None,1024.829131652661,30.0,8745.8244
163,17820.0,DRT,5,257,1200,None,1024.829131652661,30.0,9716.7096
165,15300.0,DRT,3,257,1200,None,1024.829131652661,30.0,9656.6196
2260,None,None,None,None,None,None,None,None,6213.4944
584,12240.0,DRT,5,257,1200,None,1024.829131652661,30.0,10679.107199999999
583,14940.0,DRT,2,257,1200,None,1024.829131652661,30.0,10709.2656
586,6540.0,DRT,2,257,1200,None,1024.829131652661,30.0,11855.0388
585,21000.0,DRT,7,257,1200,None,1024.829131652661,30.0,11846.4396
595,15120.0,DRT,2,257,1200,None,1024.829131652661,30.0,11888.2812
594,18600.0,DRT,4,257,1200,None,1024.829131652661,30.0,11896.825200000001
151,15060.0,DRT,2,257,1200,None,1024.829131652661,30.0,11637.0048
156,11580.0,DRT,4,257,1200,None,1024.829131652661,30.0,11628.6012
2282,14160.0,DRT,5,257,1200,None,1024.829131652661,30.0,10549.901999999998
609,None,None,None,None,None,None,None,None,9560.856
610,18060.0,DRT,7,257,1200,None,1024.829131652661,30.0,9568.0848
612,3300.0,DRT,2,257,1200,None,1024.829131652661,30.0,7990.368
611,11820.0,DRT,4,257,1200,None,1024.829131652661,30.0,7979.2632
613,None,None,None,None,None,None,None,None,6488.4924
614,18000.0,DRT,5,257,1200,None,1024.829131652661,30.0,6494.2848
617,None,None,None,None,None,None,None,None,11817.3072
616,14280.0,DRT,5,257,1200,None,1024.829131652661,30.0,11818.4232
619,None,None,None,None,None,None,None,None,10289.3136
618,14100.0,DRT,5,257,1200,None,1024.829131652661,30.0,10284.8916
2284,None,None,None,None,None,None,None,None,7886.52
2640,3180.0,DRT,1,257,1200,None,1024.829131652661,30.0,8041.6392
2459,None,None,None,None,None,None,None,None,6335.279999999999
849,14040.0,DRT,5,257,1200,None,1024.829131652661,30.0,9705.6708
45,None,None,None,None,None,None,None,None,9704.627999999999
653,None,None,None,None,None,None,None,None,3667.0487999999996
654,16980.0,DRT,2,257,1200,None,1024.829131652661,30.0,3673.584
656,None,None,None,None,None,None,None,None,4252.8516
657,17340.0,DRT,2,257,1200,None,1024.829131652661,30.0,4261.7868
660,28500.0,DRT,5,257,1200,None,1024.829131652661,30.0,3709.1316
659,17100.0,DRT,2,257,1200,None,1024.829131652661,30.0,3714.5172
178,17220.0,DRT,2,257,1200,None,1024.829131652661,30.0,4114.7796
95,15960.0,DRT,4,257,1200,None,1024.829131652661,30.0,4126.9068
787,22080.0,DRT,7,257,1200,None,1024.829131652661,30.0,6537.3552
786,5820.0,DRT,2,257,1200,None,1024.829131652661,30.0,6566.977199999999
788,16620.0,DRT,3,257,1200,None,1024.829131652661,30.0,5675.646
227,6300.0,DRT,1,257,1200,None,1024.829131652661,30.0,8753.5308
194,6660.0,DRT,3,257,1200,None,1024.829131652661,30.0,8657.6748
235,3660.0,DRT,1,257,1200,None,1024.829131652661,30.0,7075.518
278,1440.0,DRT,0,257,1200,None,1024.829131652661,30.0,3347.6351999999997
261,6600.0,DRT,2,257,1200,None,1024.829131652661,30.0,3431.8752
352,21420.0,DRT,6,257,1200,None,1024.829131652661,30.0,6729.367199999999
294,12360.0,DRT,5,257,1200,None,1024.829131652661,30.0,8716.551599999999
336,6180.0,DRT,1,257,1200,None,1024.829131652661,30.0,8672.9088
379,5340.0,DRT,2,257,1200,None,1024.829131652661,30.0,6302.5812
350,21300.0,DRT,6,257,1200,None,1024.829131652661,30.0,6284.2872
221,1860.0,DRT,0,257,1200,None,1024.829131652661,30.0,6108.0648
202,4140.0,DRT,1,257,1200,None,1024.829131652661,30.0,6095.221199999999
228,6300.0,DRT,1,257,1200,None,1024.829131652661,30.0,8417.1696
193,6480.0,DRT,3,257,1200,None,1024.829131652661,30.0,8439.6192
303,5460.0,DRT,2,257,1200,None,1024.829131652661,30.0,7084.71
328,15600.0,DRT,4,257,1200,None,1024.829131652661,30.0,7092.897599999999
204,4260.0,DRT,1,257,1200,None,1024.829131652661,30.0,5498.8056
219,12780.0,DRT,3,257,1200,None,1024.829131652661,30.0,5450.4168
270,12300.0,DRT,4,257,1200,None,1024.829131652661,30.0,7483.5527999999995
333,6360.0,DRT,2,257,1200,None,1024.829131652661,30.0,7479.474
298,15900.0,DRT,4,257,1200,None,1024.829131652661,30.0,7483.306799999999
377,5220.0,DRT,2,257,1200,None,1024.829131652661,30.0,6782.6268
249,3660.0,DRT,1,257,1200,None,1024.829131652661,30.0,7162.114799999999
236,16020.0,DRT,5,257,1200,None,1024.829131652661,30.0,7178.9148
304,5580.0,DRT,2,257,1200,None,1024.829131652661,30.0,6826.690799999999
327,15600.0,DRT,4,257,1200,None,1024.829131652661,30.0,6870.904799999999
688,6780.0,DRT,2,257,1200,None,1024.829131652661,30.0,8001.8436
687,None,None,None,None,None,None,None,None,7955.467199999999
2611,14460.0,DRT,5,257,1200,None,1024.829131652661,30.0,6925.481999999999
2612,2520.0,DRT,1,257,1200,None,1024.829131652661,30.0,6922.4136
205,4440.0,DRT,1,257,1200,None,1024.829131652661,30.0,5932.44
218,12660.0,DRT,3,257,1200,None,1024.829131652661,30.0,5918.9268
222,1860.0,DRT,0,257,1200,None,1024.829131652661,30.0,6722.409599999999
201,4020.0,DRT,1,257,1200,None,1024.829131652661,30.0,6720.281999999999
276,1620.0,DRT,0,257,1200,None,1024.829131652661,30.0,4875.162
263,6420.0,DRT,2,257,1200,None,1024.829131652661,30.0,4864.9692
247,15960.0,DRT,5,257,1200,None,1024.829131652661,30.0,7165.0416000000005
238,3780.0,DRT,1,257,1200,None,1024.829131652661,30.0,7174.317599999999
198,6840.0,DRT,3,257,1200,None,1024.829131652661,30.0,7444.2047999999995
224,6060.0,DRT,1,257,1200,None,1024.829131652661,30.0,7444.9392
299,6480.0,DRT,2,257,1200,None,1024.829131652661,30.0,7729.356
332,15900.0,DRT,4,257,1200,None,1024.829131652661,30.0,7755.7116
380,5400.0,DRT,2,257,1200,None,1024.829131652661,30.0,6369.100799999999
349,18360.0,DRT,5,257,1200,None,1024.829131652661,30.0,6356.596799999999
1258,4200.0,DRT,1,257,1200,None,1024.829131652661,30.0,5826.3708
1259,1800.0,DRT,0,257,1200,None,1024.829131652661,30.0,5846.3784
242,None,None,None,None,None,None,None,None,6324.346799999999
243,4020.0,DRT,1,257,1200,None,1024.829131652661,30.0,6369.677999999999
359,13980.0,DRT,3,257,1200,None,1024.829131652661,30.0,3820.848
370,15540.0,DRT,3,257,1200,None,1024.829131652661,30.0,3841.5732
216,4500.0,DRT,1,257,1200,None,1024.829131652661,30.0,5707.1604
207,12600.0,DRT,3,257,1200,None,1024.829131652661,30.0,5699.4803999999995
215,4500.0,DRT,1,257,1200,None,1024.829131652661,30.0,5431.8288
208,12060.0,DRT,2,257,1200,None,1024.829131652661,30.0,5444.004
355,13860.0,DRT,3,257,1200,None,1024.829131652661,30.0,4728.1812
374,15300.0,DRT,4,257,1200,None,1024.829131652661,30.0,4696.1723999999995
226,6300.0,DRT,1,257,1200,None,1024.829131652661,30.0,8660.4144
195,6660.0,DRT,3,257,1200,None,1024.829131652661,30.0,8631.8436
251,3540.0,DRT,1,257,1200,None,1024.829131652661,30.0,7088.5332
234,16200.0,DRT,4,257,1200,None,1024.829131652661,30.0,7098.45
690,11820.0,DRT,2,257,1200,None,1024.829131652661,30.0,4956.1812
691,13680.0,DRT,2,257,1200,None,1024.829131652661,30.0,4883.7756
1260,4740.0,DRT,1,257,1200,None,1024.829131652661,30.0,5209.452
1261,15900.0,DRT,3,257,1200,None,1024.829131652661,30.0,5228.4204
241,None,None,None,None,None,None,None,None,6632.7155999999995
244,3960.0,DRT,1,257,1200,None,1024.829131652661,30.0,6633.2748
277,1500.0,DRT,0,257,1200,None,1024.829131652661,30.0,3981.3959999999997
262,6480.0,DRT,2,257,1200,None,1024.829131652661,30.0,3967.0631999999996
675,6720.0,DRT,3,257,1200,None,1024.829131652661,30.0,8431.1052
676,6180.0,DRT,1,257,1200,None,1024.829131652661,30.0,8445.672
256,None,None,None,None,None,None,None,None,7817.3952
229,4740.0,DRT,2,257,1200,None,1024.829131652661,30.0,7794.6384
245,3840.0,DRT,1,257,1200,None,1024.829131652661,30.0,7260.6323999999995
240,15720.0,DRT,4,257,1200,None,1024.829131652661,30.0,7303.775999999999
356,13860.0,DRT,3,257,1200,None,1024.829131652661,30.0,4488.132
373,15660.0,DRT,5,257,1200,None,1024.829131652661,30.0,4469.9664
684,11880.0,DRT,2,257,1200,None,1024.829131652661,30.0,5623.1376
685,4680.0,DRT,1,257,1200,None,1024.829131652661,30.0,5607.303599999999
354,21540.0,DRT,6,257,1200,None,1024.829131652661,30.0,6214.867199999999
375,5100.0,DRT,2,257,1200,None,1024.829131652661,30.0,6164.323199999999
2566,None,None,None,None,None,None,None,None,7677.0048
2565,4680.0,DRT,2,257,1200,None,1024.829131652661,30.0,7689.906
214,4560.0,DRT,1,257,1200,None,1024.829131652661,30.0,5328.474
209,12000.0,DRT,2,257,1200,None,1024.829131652661,30.0,5328.3492
250,6300.0,DRT,2,257,1200,None,1024.829131652661,30.0,7115.6867999999995
297,16140.0,DRT,5,257,1200,None,1024.829131652661,30.0,7139.5596
252,3420.0,DRT,1,257,1200,None,1024.829131652661,30.0,7127.6484
233,16320.0,DRT,5,257,1200,None,1024.829131652661,30.0,7139.279999999999
271,12360.0,DRT,4,257,1200,None,1024.829131652661,30.0,7548.883199999999
353,21480.0,DRT,6,257,1200,None,1024.829131652661,30.0,6488.908799999999
376,5160.0,DRT,2,257,1200,None,1024.829131652661,30.0,6473.3004
351,21360.0,DRT,6,257,1200,None,1024.829131652661,30.0,6728.556
378,5280.0,DRT,2,257,1200,None,1024.829131652661,30.0,6749.7516
275,1800.0,DRT,0,257,1200,None,1024.829131652661,30.0,5632.7136
264,6300.0,DRT,2,257,1200,None,1024.829131652661,30.0,5600.461200000001
371,13920.0,DRT,3,257,1200,None,1024.829131652661,30.0,3921.8639999999996
254,2580.0,DRT,1,257,1200,None,1024.829131652661,30.0,7039.5132
357,18120.0,DRT,5,257,1200,None,1024.829131652661,30.0,3594.4284
372,15120.0,DRT,4,257,1200,None,1024.829131652661,30.0,3599.6748
272,None,None,None,None,None,None,None,None,7763.4228
267,12480.0,DRT,4,257,1200,None,1024.829131652661,30.0,7754.7924
686,18300.0,DRT,5,257,1200,None,1024.829131652661,30.0,3478.6007999999997
225,6120.0,DRT,1,257,1200,None,1024.829131652661,30.0,8110.5336
197,6780.0,DRT,3,257,1200,None,1024.829131652661,30.0,8095.708799999999
302,5460.0,DRT,2,257,1200,None,1024.829131652661,30.0,7151.4072
329,15660.0,DRT,4,257,1200,None,1024.829131652661,30.0,7146.051599999999
213,None,None,None,None,None,None,None,None,5505.586799999999
210,15060.0,DRT,3,257,1200,None,1024.829131652661,30.0,5492.7696
200,3960.0,DRT,1,257,1200,None,1024.829131652661,30.0,6860.4684
2564,2760.0,DRT,1,257,1200,None,1024.829131652661,30.0,7151.266799999999
206,4440.0,DRT,1,257,1200,None,1024.829131652661,30.0,5926.932
217,12600.0,DRT,3,257,1200,None,1024.829131652661,30.0,5908.7028
212,18420.0,DRT,5,257,1200,None,1024.829131652661,30.0,5915.0904
211,4980.0,DRT,2,257,1200,None,1024.829131652661,30.0,5930.5716
295,12480.0,DRT,5,257,1200,None,1024.829131652661,30.0,8202.462
335,6180.0,DRT,1,257,1200,None,1024.829131652661,30.0,8172.3240000000005
681,4680.0,DRT,2,257,1200,None,1024.829131652661,30.0,7544.3484
682,None,None,None,None,None,None,None,None,7536.662399999999
203,4260.0,DRT,1,257,1200,None,1024.829131652661,30.0,5533.2828
220,12780.0,DRT,3,257,1200,None,1024.829131652661,30.0,5555.5944
266,12540.0,DRT,4,257,1200,None,1024.829131652661,30.0,7619.6759999999995
273,None,None,None,None,None,None,None,None,7636.138799999999
301,3840.0,DRT,1,257,1200,None,1024.829131652661,30.0,7417.32
330,15720.0,DRT,4,257,1200,None,1024.829131652661,30.0,7418.973599999999
381,5460.0,DRT,2,257,1200,None,1024.829131652661,30.0,6524.9796
348,18300.0,DRT,5,257,1200,None,1024.829131652661,30.0,6501.9803999999995
300,6480.0,DRT,2,257,1200,None,1024.829131652661,30.0,7609.368
331,15780.0,DRT,4,257,1200,None,1024.829131652661,30.0,7618.9668
265,6840.0,DRT,2,257,1200,None,1024.829131652661,30.0,7503.2808
274,None,None,None,None,None,None,None,None,7513.1687999999995
296,12540.0,DRT,5,257,1200,None,1024.829131652661,30.0,7323.057599999999
334,6060.0,DRT,1,257,1200,None,1024.829131652661,30.0,7314.156
382,2880.0,DRT,1,257,1200,None,1024.829131652661,30.0,7467.8676
269,12180.0,DRT,4,257,1200,None,1024.829131652661,30.0,7457.7132
1250,14280.0,DRT,5,257,1200,None,1024.829131652661,30.0,7018.716
1251,2700.0,DRT,1,257,1200,None,1024.829131652661,30.0,7043.199599999999
52,17820.0,DRT,5,257,1200,None,1024.829131652661,30.0,6072.12
53,16500.0,DRT,4,257,1200,None,1024.829131652661,30.0,7954.3452
54,17340.0,DRT,4,257,1200,None,1024.829131652661,30.0,5230.455599999999
2616,2400.0,DRT,1,257,1200,None,1024.829131652661,30.0,7062.4356
2618,4440.0,DRT,2,257,1200,None,1024.829131652661,30.0,7055.126399999999
2623,None,None,None,None,None,None,None,None,7068.9708
2620,3420.0,DRT,1,257,1200,None,1024.829131652661,30.0,7075.41
2624,None,None,None,None,None,None,None,None,7075.224
2625,None,None,None,None,None,None,None,None,7070.3423999999995
2626,None,None,None,None,None,None,None,None,7061.977199999999
2627,None,None,None,None,None,None,None,None,7059.4308
2628,None,None,None,None,None,None,None,None,7051.832399999999
2631,16500.0,DRT,1,257,1200,None,1024.829131652661,30.0,7041.165599999999
2629,None,None,None,None,None,None,None,None,7046.9316
2630,None,None,None,None,None,None,None,None,7041.165599999999
1247,1980.0,DRT,0,257,1200,None,1024.829131652661,30.0,7049.013599999999
2658,6000.0,DRT,1,257,1200,None,1024.829131652661,30.0,7063.9128
2657,6000.0,DRT,1,257,1200,None,1024.829131652661,30.0,7047.66
1246,None,None,None,None,None,None,None,None,7038.3312
268,12120.0,DRT,4,257,1200,None,1024.829131652661,30.0,7566.977999999999
55,4800.0,DRT,2,257,1200,None,1024.829131652661,30.0,8150.2716
674,None,None,None,None,None,None,None,None,8097.0288
231,4620.0,DRT,2,257,1200,None,1024.829131652661,30.0,7266.5016
255,None,None,None,None,None,None,None,None,7249.4544000000005
176,18480.0,DRT,5,257,1200,None,1024.829131652661,30.0,5781.1428
56,4080.0,DRT,1,257,1200,None,1024.829131652661,30.0,5838.197999999999
689,15600.0,DRT,4,257,1200,None,1024.829131652661,30.0,7353.850799999999
196,16200.0,DRT,4,257,1200,None,1024.829131652661,30.0,8341.1268
702,13380.0,DRT,4,257,1200,None,1024.829131652661,30.0,7706.590799999999
701,None,None,None,None,None,None,None,None,7700.264399999999
2328,None,None,None,None,None,None,None,None,9862.866
2604,12720.0,DRT,5,257,1200,None,1024.829131652661,30.0,10330.885199999999
2605,7680.0,DRT,3,257,1200,None,1024.829131652661,30.0,10332.27
703,18360.0,DRT,5,257,1200,None,1024.829131652661,30.0,8685.116399999999
704,None,None,None,None,None,None,None,None,8689.3872
2601,12660.0,DRT,5,257,1200,None,1024.829131652661,30.0,10448.074799999999
2602,7740.0,DRT,3,257,1200,None,1024.829131652661,30.0,10454.2104
2649,13200.0,DRT,4,257,1200,None,1024.829131652661,30.0,9311.4864
2580,None,None,None,None,None,None,None,None,9073.0068
2581,9060.0,DRT,3,257,1200,None,1024.829131652661,30.0,9066.581999999999
2583,None,None,None,None,None,None,None,None,9625.6404
2584,9000.0,DRT,3,257,1200,None,1024.829131652661,30.0,9597.844799999999
2586,8880.0,DRT,3,257,1200,None,1024.829131652661,30.0,10334.696399999999
2588,8580.0,DRT,3,257,1200,None,1024.829131652661,30.0,9617.9436
2589,8460.0,DRT,3,257,1200,None,1024.829131652661,30.0,9616.4748
2663,3720.0,DRT,2,257,1200,None,1024.829131652661,30.0,10034.88
2664,11340.0,DRT,4,257,1200,None,1024.829131652661,30.0,9950.6124
576,None,None,None,None,None,None,None,None,6588.206399999999
577,13620.0,DRT,4,257,1200,None,1024.829131652661,30.0,6592.5012
2591,8520.0,DRT,3,257,1200,None,1024.829131652661,30.0,8989.8336
716,None,None,None,None,None,None,None,None,8563.1076
717,9180.0,DRT,3,257,1200,None,1024.829131652661,30.0,8567.5308
2593,8100.0,DRT,3,257,1200,None,1024.829131652661,30.0,11120.4936
2331,13380.0,DRT,3,257,1200,None,1024.829131652661,30.0,10928.3916
2490,None,None,None,None,None,None,None,None,10938.693599999999
2595,12420.0,DRT,5,257,1200,None,1024.829131652661,30.0,11721.7176
2596,7980.0,DRT,3,257,1200,None,1024.829131652661,30.0,11700.073199999999
2598,12540.0,DRT,5,257,1200,None,1024.829131652661,30.0,11093.661600000001
2599,7860.0,DRT,3,257,1200,None,1024.829131652661,30.0,11089.4256
2327,None,None,None,None,None,None,None,None,10067.758800000001
708,11520.0,DRT,4,257,1200,None,1024.829131652661,30.0,9942.0924
711,5820.0,DRT,3,257,1200,None,1024.829131652661,30.0,10140.704399999999
709,3540.0,DRT,2,257,1200,None,1024.829131652661,30.0,9960.217200000001
2578,9300.0,DRT,3,257,1200,None,1024.829131652661,30.0,8022.51
712,12780.0,DRT,5,257,1200,None,1024.829131652661,30.0,10096.900800000001
714,19080.0,DRT,4,257,1200,None,1024.829131652661,30.0,10775.9712
715,None,None,None,None,None,None,None,None,10787.920799999998
185,3840.0,DRT,2,257,1200,None,1024.829131652661,30.0,10254.3336
63,8820.0,DRT,3,257,1200,None,1024.829131652661,30.0,10248.0648
746,19440.0,DRT,4,257,1200,None,1024.829131652661,30.0,11300.1516
747,13740.0,DRT,2,257,1200,None,1024.829131652661,30.0,11314.6068
286,19560.0,DRT,4,257,1200,None,1024.829131652661,30.0,10634.838
344,6780.0,DRT,1,257,1200,None,1024.829131652661,30.0,10661.920799999998
290,12000.0,DRT,5,257,1200,None,1024.829131652661,30.0,10744.524
340,6540.0,DRT,1,257,1200,None,1024.829131652661,30.0,10792.644
2554,8520.0,DRT,4,257,1200,None,1024.829131652661,30.0,11246.3784
2557,12420.0,DRT,6,257,1200,None,1024.829131652661,30.0,11207.2116
287,19740.0,DRT,5,257,1200,None,1024.829131652661,30.0,10419.282000000001
343,6720.0,DRT,1,257,1200,None,1024.829131652661,30.0,10428.217200000001
748,12000.0,DRT,5,257,1200,None,1024.829131652661,30.0,11340.0324
749,13680.0,DRT,5,257,1200,None,1024.829131652661,30.0,11363.1792
758,None,None,None,None,None,None,None,None,10481.5032
757,17820.0,DRT,5,257,1200,None,1024.829131652661,30.0,10486.1688
292,12180.0,DRT,5,257,1200,None,1024.829131652661,30.0,9893.8212
338,6300.0,DRT,1,257,1200,None,1024.829131652661,30.0,9952.647599999998
764,12240.0,DRT,5,257,1200,None,1024.829131652661,30.0,10066.6836
765,8340.0,DRT,4,257,1200,None,1024.829131652661,30.0,10085.8404
291,12120.0,DRT,5,257,1200,None,1024.829131652661,30.0,10346.166
339,6480.0,DRT,1,257,1200,None,1024.829131652661,30.0,10476.563999999998
288,8460.0,DRT,4,257,1200,None,1024.829131652661,30.0,10653.06
342,6720.0,DRT,1,257,1200,None,1024.829131652661,30.0,10647.936
762,None,None,None,None,None,None,None,None,10973.267999999998
763,17880.0,DRT,5,257,1200,None,1024.829131652661,30.0,10983.251999999999
285,None,None,None,None,None,None,None,None,10245.585599999999
345,6900.0,DRT,1,257,1200,None,1024.829131652661,30.0,10233.5808
293,12300.0,DRT,5,257,1200,None,1024.829131652661,30.0,9374.1588
337,6300.0,DRT,1,257,1200,None,1024.829131652661,30.0,9415.910399999999
184,16200.0,DRT,6,257,1200,None,1024.829131652661,30.0,9819.6096
113,None,None,None,None,None,None,None,None,9886.5648
180,6960.0,DRT,1,257,1200,None,1024.829131652661,30.0,9495.787199999999
68,None,None,None,None,None,None,None,None,9541.5252
742,13620.0,DRT,5,257,1200,None,1024.829131652661,30.0,10847.408399999998
743,12120.0,DRT,5,257,1200,None,1024.829131652661,30.0,10838.4648
282,7080.0,DRT,1,257,1200,None,1024.829131652661,30.0,9299.4672
289,12000.0,DRT,5,257,1200,None,1024.829131652661,30.0,11029.0404
341,6540.0,DRT,1,257,1200,None,1024.829131652661,30.0,11069.857199999999
313,7380.0,DRT,3,257,1200,None,1024.829131652661,30.0,5761.0344
318,22800.0,DRT,8,257,1200,None,1024.829131652661,30.0,5764.9848
772,19380.0,DRT,4,257,1200,None,1024.829131652661,30.0,4723.8492
773,15480.0,DRT,4,257,1200,None,1024.829131652661,30.0,4721.3736
769,6180.0,DRT,2,257,1200,None,1024.829131652661,30.0,8079.191999999999
768,21660.0,DRT,7,257,1200,None,1024.829131652661,30.0,8099.318399999999
312,7320.0,DRT,3,257,1200,None,1024.829131652661,30.0,5176.5876
319,22860.0,DRT,8,257,1200,None,1024.829131652661,30.0,5186.825999999999
781,6240.0,DRT,2,257,1200,None,1024.829131652661,30.0,8789.5728
780,21360.0,DRT,7,257,1200,None,1024.829131652661,30.0,8785.852799999999
774,5880.0,DRT,2,257,1200,None,1024.829131652661,30.0,6745.856399999999
775,21960.0,DRT,7,257,1200,None,1024.829131652661,30.0,6762.0851999999995
779,12900.0,DRT,5,257,1200,None,1024.829131652661,30.0,3933.2531999999997
778,14280.0,DRT,2,257,1200,None,1024.829131652661,30.0,3920.5668
776,6360.0,DRT,2,257,1200,None,1024.829131652661,30.0,9944.0916
777,21300.0,DRT,7,257,1200,None,1024.829131652661,30.0,9937.4376
315,6120.0,DRT,2,257,1200,None,1024.829131652661,30.0,7196.2764
316,21780.0,DRT,7,257,1200,None,1024.829131652661,30.0,7187.499599999999
791,15180.0,DRT,3,257,1200,None,1024.829131652661,30.0,4399.0428
790,18840.0,DRT,4,257,1200,None,1024.829131652661,30.0,4416.0743999999995
770,22920.0,DRT,8,257,1200,None,1024.829131652661,30.0,4866.0876
96,7260.0,DRT,3,257,1200,None,1024.829131652661,30.0,4852.5996
771,15600.0,DRT,4,257,1200,None,1024.829131652661,30.0,3955.0499999999997
106,19260.0,DRT,4,257,1200,None,1024.829131652661,30.0,3962.6448
792,15780.0,DRT,4,257,1200,None,1024.829131652661,30.0,4224.655199999999
86,15720.0,DRT,4,257,1200,None,1024.829131652661,30.0,3640.008
784,15240.0,DRT,3,257,1200,None,1024.829131652661,30.0,4682.6424
69,18780.0,DRT,4,257,1200,None,1024.829131652661,30.0,4677.0264
70,19800.0,DRT,4,257,1200,None,1024.829131652661,30.0,7099.6536
785,16080.0,DRT,3,257,1200,None,1024.829131652661,30.0,7105.600799999999
71,18900.0,DRT,4,257,1200,None,1024.829131652661,30.0,4316.8848
170,15120.0,DRT,3,257,1200,None,1024.829131652661,30.0,4309.8996
795,21780.0,DRT,7,257,1200,None,1024.829131652661,30.0,7759.343999999999
72,6180.0,DRT,2,257,1200,None,1024.829131652661,30.0,7769.0316
162,16140.0,DRT,3,257,1200,None,1024.829131652661,30.0,6602.6856
90,19680.0,DRT,4,257,1200,None,1024.829131652661,30.0,6609.2856
167,16320.0,DRT,3,257,1200,None,1024.829131652661,30.0,5399.3772
147,19500.0,DRT,4,257,1200,None,1024.829131652661,30.0,5433.7464
166,21840.0,DRT,7,257,1200,None,1024.829131652661,30.0,6832.6092
89,6060.0,DRT,2,257,1200,None,1024.829131652661,30.0,6831.612
818,28620.0,DRT,5,257,1200,None,1024.829131652661,30.0,3661.4639999999995
819,16920.0,DRT,1,257,1200,None,1024.829131652661,30.0,3667.0932
820,37440.0,DRT,3,257,1200,None,1024.829131652661,30.0,5044.738799999999
821,16560.0,DRT,1,257,1200,None,1024.829131652661,30.0,5055.6912
281,1200.0,DRT,0,257,1200,None,1024.829131652661,30.0,2502.3635999999997
258,6660.0,DRT,2,257,1200,None,1024.829131652661,30.0,2508.6252
2614,6660.0,DRT,2,257,1200,None,1024.829131652661,30.0,2733.0335999999998
2615,1260.0,DRT,0,257,1200,None,1024.829131652661,30.0,2720.0604
809,37320.0,DRT,2,257,1200,None,1024.829131652661,30.0,4109.58
810,16680.0,DRT,1,257,1200,None,1024.829131652661,30.0,4117.8216
260,6600.0,DRT,2,257,1200,None,1024.829131652661,30.0,2923.0752
279,1320.0,DRT,0,257,1200,None,1024.829131652661,30.0,2940.042
75,16440.0,DRT,1,257,1200,None,1024.829131652661,30.0,4889.142
182,37500.0,DRT,3,257,1200,None,1024.829131652661,30.0,4890.1164
179,15600.0,DRT,3,257,1200,None,1024.829131652661,30.0,2967.4415999999997
76,None,None,None,None,None,None,None,None,2960.9472
181,28800.0,DRT,2,257,1200,None,1024.829131652661,30.0,4183.8516
78,16620.0,DRT,1,257,1200,None,1024.829131652661,30.0,4209.984
109,16740.0,DRT,1,257,1200,None,1024.829131652661,30.0,3901.8384
813,37560.0,DRT,3,257,1200,None,1024.829131652661,30.0,4300.5216
104,16380.0,DRT,1,257,1200,None,1024.829131652661,30.0,4341.5556
662,16920.0,DRT,2,257,1200,None,1024.829131652661,30.0,3640.9272
661,28560.0,DRT,5,257,1200,None,1024.829131652661,30.0,3636.084
369,15360.0,DRT,3,257,1200,None,1024.829131652661,30.0,3950.0892
361,14100.0,DRT,3,257,1200,None,1024.829131652661,30.0,3941.2104
840,22200.0,DRT,7,257,1200,None,1024.829131652661,30.0,6370.2228
841,5760.0,DRT,2,257,1200,None,1024.829131652661,30.0,6357.6792
307,7020.0,DRT,3,257,1200,None,1024.829131652661,30.0,6124.224
324,15120.0,DRT,3,257,1200,None,1024.829131652661,30.0,6140.7036
310,7140.0,DRT,3,257,1200,None,1024.829131652661,30.0,4891.9836
321,14400.0,DRT,2,257,1200,None,1024.829131652661,30.0,4908.8988
311,7200.0,DRT,3,257,1200,None,1024.829131652661,30.0,4751.244
320,22920.0,DRT,8,257,1200,None,1024.829131652661,30.0,4775.8787999999995
306,6900.0,DRT,3,257,1200,None,1024.829131652661,30.0,6429.2004
325,15180.0,DRT,3,257,1200,None,1024.829131652661,30.0,6464.9292
834,18360.0,DRT,3,257,1200,None,1024.829131652661,30.0,3599.8487999999998
833,None,None,None,None,None,None,None,None,3599.7288
835,22260.0,DRT,7,257,1200,None,1024.829131652661,30.0,6477.4668
836,5760.0,DRT,2,257,1200,None,1024.829131652661,30.0,6470.269199999999
366,15120.0,DRT,4,257,1200,None,1024.829131652661,30.0,4623.864
364,14340.0,DRT,2,257,1200,None,1024.829131652661,30.0,4616.4468
305,6840.0,DRT,3,257,1200,None,1024.829131652661,30.0,6656.660399999999
326,15420.0,DRT,4,257,1200,None,1024.829131652661,30.0,6687.6024
837,22380.0,DRT,7,257,1200,None,1024.829131652661,30.0,6781.376399999999
838,5640.0,DRT,2,257,1200,None,1024.829131652661,30.0,6772.5876
363,14340.0,DRT,2,257,1200,None,1024.829131652661,30.0,4630.6248
367,15180.0,DRT,4,257,1200,None,1024.829131652661,30.0,4640.2908
842,5580.0,DRT,2,257,1200,None,1024.829131652661,30.0,6764.1359999999995
843,22380.0,DRT,7,257,1200,None,1024.829131652661,30.0,6789.314399999999
847,22320.0,DRT,7,257,1200,None,1024.829131652661,30.0,6626.415599999999
846,5700.0,DRT,2,257,1200,None,1024.829131652661,30.0,6607.3488
845,11760.0,DRT,2,257,1200,None,1024.829131652661,30.0,4767.756
844,13860.0,DRT,2,257,1200,None,1024.829131652661,30.0,4750.6236
309,7080.0,DRT,3,257,1200,None,1024.829131652661,30.0,4928.8884
322,14460.0,DRT,2,257,1200,None,1024.829131652661,30.0,4963.6188
793,19080.0,DRT,4,257,1200,None,1024.829131652661,30.0,4220.9088
173,19080.0,DRT,4,257,1200,None,1024.829131652661,30.0,3636.2255999999998
365,14580.0,DRT,2,257,1200,None,1024.829131652661,30.0,5285.841600000001
174,15060.0,DRT,3,257,1200,None,1024.829131652661,30.0,5378.2632
103,7020.0,DRT,3,257,1200,None,1024.829131652661,30.0,5386.9992
175,13980.0,DRT,2,257,1200,None,1024.829131652661,30.0,4400.976
124,4860.0,DRT,1,257,1200,None,1024.829131652661,30.0,4425.274799999999
1254,4860.0,DRT,1,257,1200,None,1024.829131652661,30.0,4459.7796
