centroid_id,distance,stop_id
0,1996.069,2009
0,1941.84,2008
0,1936.229,2007
0,1980.843,2006
0,2147.716,2005
0,3733.461,2004
0,3382.983,2003
0,2958.795,2002
0,2676.355,2001
0,2436.269,2000
0,1581.845,1009
0,1427.609,1008
0,1532.632,1007
0,1907.844,1006
0,2171.476,1005
0,2609.996,1004
0,3068.632,1003
0,3606.152,1002
0,4652.793,1000
0,4157.304,1001
1,2575.158,2009
1,2373.062,2008
1,2178.724,2007
1,1994.96,2006
1,2013.177,2005
1,2940.224,2004
1,2663.169,2003
1,2362.368,2002
1,2205.613,2001
1,2058.619,2000
1,614.001,1009
1,309.96,1008
1,707.925,1007
1,1339.648,1006
1,1731.301,1005
1,2278.371,1004
1,2816.547,1003
1,3416.668,1002
1,4553.348,1000
1,4022.016,1001
2,3453.346,2009
2,3184.198,2008
2,2896.845,2007
2,2585.151,2006
2,2477.921,2005
2,2449.105,2004
2,2321.074,2003
2,2248.134,2002
2,2283.329,2001
2,2277.592,2000
2,948.036,1009
2,895.04,1008
2,1140.337,1007
2,1611.354,1006
2,1981.543,1005
2,2493.367,1004
2,3016.022,1003
2,3604.153,1002
2,4739.671,1000
2,4209.163,1001
3,1068.408,2009
3,945.957,2008
3,930.819,2007
3,1048.086,2006
3,1272.708,2005
3,3185.464,2004
3,2790.235,2003
3,2298.924,2002
3,1951.458,2001
3,1675.686,2000
3,2132.323,1009
3,1657.787,1008
3,1419.831,1007
3,1411.492,1006
3,1501.3,1005
3,1798.517,1004
3,2178.334,1003
3,2667.906,1002
3,3670.199,1000
3,3189.783,1001
4,1946.417,2009
4,1659.943,2008
4,1365.348,2007
4,1074.48,2006
4,1029.502,2005
4,2203.004,2004
4,1852.883,2003
4,1453.009,2002
4,1228.788,2001
4,1053.713,2000
4,1556.162,1009
4,897.939,1008
4,410.007,1007
4,383.459,1006
4,732.056,1005
4,1270.207,1004
4,1805.936,1003
4,2405.575,1002
4,3543.239,1000
4,3011.293,1001
5,3013.734,2009
5,2694.995,2008
5,2347.113,2007
5,1964.063,2006
5,1773.972,2005
5,1485.357,2004
5,1314.516,2003
5,1258.742,2002
5,1363.327,2001
5,1435.17,2000
5,1715.66,1009
5,1229.367,1008
5,983.516,1007
5,974.055,1006
5,1210.34,1005
5,1624.562,1004
5,2103.493,1003
5,2665.122,1002
5,3779.649,1000
5,3257.003,1001
6,585.775,2009
6,251.752,2008
6,168.352,2007
6,563.68,2006
6,819.396,2005
6,2898.325,2004
6,2484.126,2003
6,1964.747,2002
6,1580.53,2001
6,1313.39,2000
6,2938.696,1009
6,2345.85,1008
6,1930.658,1007
6,1545.74,1006
6,1355.378,1005
6,1304.531,1004
6,1455.447,1003
6,1809.877,1002
6,2708.646,1000
6,2260.706,1001
7,1729.204,2009
7,1387.056,2008
7,1012.948,2007
7,611.335,2006
7,333.862,2005
7,1762.462,2004
7,1348.55,2003
7,828.469,2002
7,446.942,2001
7,165.353,2000
7,2551.651,1009
7,1887.101,1008
7,1371.017,1007
7,737.602,1006
7,345.022,1005
7,283.738,1004
7,796.551,1003
7,1394.484,1002
7,2533.915,1000
7,2000.943,1001
8,2878.224,2009
8,2536.036,2008
8,2161.202,2007
8,1754.063,2006
8,1482.744,2005
8,677.692,2004
8,336.607,2003
8,399.382,2002
8,740.574,2001
8,988.282,2000
8,2651.966,1009
8,2065.502,1008
8,1636.749,1007
8,1160.092,1006
8,1023.739,1005
8,1051.773,1004
8,1340.774,1003
8,1805.693,1002
8,2855.118,1000
8,2354.521,1001
9,1260.634,2009
9,1129.768,2008
9,1111.188,2007
9,1257.573,2006
9,1329.494,2005
9,2949.247,2004
9,2569.238,2003
9,2116.602,2002
9,1797.925,2001
9,1639.091,2000
9,3843.128,1009
9,3209.724,1008
9,2735.601,1007
9,2197.925,1006
9,1861.385,1005
9,1487.78,1004
9,1239.378,1003
9,1215.785,1002
9,1802.137,1000
9,1446.169,1001
10,2058.217,2009
10,1771.149,2008
10,1494.157,2007
10,1279.661,2006
10,1098.932,2005
10,1845.006,2004
10,1499.567,2003
10,1142.873,2002
10,966.562,2001
10,994.485,2000
10,3555.96,1009
10,2891.478,1008
10,2374.006,1007
10,1727.92,1006
10,1321.667,1005
10,769.556,1004
10,228.485,1003
10,383.401,1002
10,1526.928,1000
10,992.107,1001
11,3087.123,2009
11,2764.881,2008
11,2424.31,2007
11,2083.407,2006
11,1815.147,2005
11,870.089,2004
11,737.181,2003
11,882.795,2002
11,1132.679,2001
11,1392.263,2000
11,3628.647,1009
11,3010.975,1008
11,2536.79,1007
11,1946.164,1006
11,1635.807,1005
11,1271.988,1004
11,1102.436,1003
11,1209.492,1002
11,2015.523,1000
11,1588.76,1001
12,2209.003,2009
12,2129.279,2008
12,2117.926,2007
12,2211.278,2006
12,2215.451,2005
12,3322.721,2004
12,3012.592,2003
12,2672.897,2002
12,2451.849,2001
12,2385.958,2000
12,4790.396,1009
12,4140.797,1008
12,3644.743,1007
12,3052.375,1006
12,2671.519,1005
12,2183.972,1004
12,1731.572,1003
12,1313.451,1002
12,1096.889,1000
12,1056.672,1001
13,2743.515,2009
13,2528.742,2008
13,2341.687,2007
13,2223.941,2006
13,2085.29,2005
13,2397.198,2004
13,2173.367,2003
13,1992.644,2002
13,1927.012,2001
13,1998.822,2000
13,4563.268,1009
13,3899.33,1008
13,3381.827,1007
13,2733.494,1006
13,2327.917,1005
13,1774.416,1004
13,1230.667,1003
13,627.716,1002
13,535.632,1000
13,96.906,1001
14,3580.652,2009
14,3301.857,2008
14,3021.323,2007
14,2765.698,2006
14,2536.86,2005
14,1760.582,2004
14,1737.34,2003
14,1855.773,2002
14,2015.489,2001
14,2223.69,2000
14,4620.167,1009
14,3988.778,1008
14,3498.052,1007
14,2876.457,1006
14,2519.602,1005
14,2043.131,1004
14,1636.385,1003
14,1307.636,1002
14,1420.44,1000
14,1244.684,1001
