stop_id,longitude,latitude
19217,-2.04991154140114,48.4563053894543
15944,-2.04661666737494,48.4605468006803
15881,-2.04661666737494,48.4605468006803
15945,-2.04842793544092,48.4522818750536
15946,-2.05085,48.4523
18617,-2.05085,48.4523
15882,-2.04842793544092,48.4522818750536
15947,-2.04514093113176,48.4632973529601
15883,-2.04514093113176,48.4632973529601
16150,-2.04658098756359,48.4479889058667
16151,-2.04663825516295,48.4478977403961
16149,-2.04660962136327,48.4479433231314
15948,-2.044761,48.454247
15884,-2.044761,48.454247
15949,-2.05004217761498,48.4588968674039
15885,-2.05004217761498,48.4588968674039
15950,-2.04835034884814,48.4603303808522
15886,-2.04835034884814,48.4603303808522
15951,-2.03873268676308,48.4657800406489
15887,-2.03873268676308,48.4657800406489
15952,-2.04816074099197,48.453955037205
15954,-2.04671108919381,48.454144222727
19192,-2.04671108919381,48.454144222727
15888,-2.04816074099197,48.453955037205
15955,-2.04343538251027,48.451067670599
15889,-2.04343538251027,48.451067670599
18129,-2.04421189612331,48.4598578902043
15890,-2.04421189612331,48.4598578902043
15958,-2.05576,48.45647
15891,-2.05576,48.4564700000001
19256,-2.04876131820917,48.4546667071741
19255,-2.04876131820917,48.4546667071741
18145,-2.03953048757592,48.4641738438231
15959,-2.04280559467254,48.4619351736086
15892,-2.04280559467254,48.4619351736086
15960,-2.03944880884882,48.4606468333361
15893,-2.03944880884882,48.4606468333361
18128,-2.03953048757592,48.4641738438231
15962,-2.05253072864222,48.4566059451777
15964,-2.05186339436788,48.4565783445558
15895,-2.05225087878524,48.4565943707235
15965,-2.04914448140435,48.4573949652042
15896,-2.04914448140435,48.4573949652042
16100,-2.04751785896394,48.459809566841
16099,-2.04751785896394,48.459809566841
15968,-2.04560946944036,48.4452129309013
15898,-2.04560946944036,48.4452129309013
15969,-2.05082747818876,48.4493887059604
15970,-2.05197283017601,48.4487961438099
15899,-2.05140015418238,48.4490924248851
19384,-2.05909434571413,48.4541948896194
19383,-2.05909434571413,48.4541948896194
15971,-2.04142096932526,48.4649404999606
15900,-2.04142096932526,48.4649404999606
15972,-2.04437472689507,48.4580691565379
15901,-2.04437472689507,48.4580691565379
16147,-2.0499076720555,48.4481247472649
16148,-2.04989621853562,48.4480411791466
16146,-2.04990194529556,48.4480829632057
15973,-2.04314904451346,48.456912960261
15902,-2.04314904451346,48.456912960261
19284,-2.06252827658515,48.4584990609226
19282,-2.06252827658515,48.4584990609226
19267,-2.04231490457132,48.4534266279449
19280,-2.063691,48.451433
19281,-2.06413800000001,48.451398
19279,-2.06392764705883,48.4514144705882
15975,-2.05787518445819,48.4555338727489
15903,-2.05787518445819,48.4555338727489
15976,-2.04231490457132,48.4534266279449
15977,-2.041729,48.454074
15904,-2.041729,48.454074
15978,-2.05566899308729,48.4588495128721
15979,-2.05559454520812,48.458881793698
15905,-2.05563289714588,48.4588651641816
15981,-2.04983868165329,48.4562262571331
15982,-2.049983,48.456383
15983,-2.03900682380515,48.4546972927053
15984,-2.03894077562304,48.4547257784157
15907,-2.03897493847586,48.4547110444275
16933,-2.05885347794687,48.4606089776266
16934,-2.0589177371183,48.4606792333512
16930,-2.05885347794687,48.4606089776266
687,-2.06959829116537,48.4461534523039
6167,-2.06954778760193,48.446148883809
6168,-2.06964318322177,48.4461575131883
19253,-2.0579030752948,48.4303652428453
19254,-2.05785671846462,48.4304480696302
1171,-2.05788075533953,48.4304051224084
16144,-2.04310428125122,48.4450630255247
16145,-2.04315009533071,48.4449642572342
16143,-2.04312718829096,48.4450136413795
15985,-2.06709300102935,48.4354015738341
15986,-2.07054051051098,48.4366971865715
15908,-2.0670764570562,48.4354546260444
15987,-2.06705864046973,48.435511759194
15988,-2.07072376682894,48.4366363960968
15909,-2.07063553230548,48.4366656655846
15989,-2.05077500690288,48.4372196993857
15990,-2.0508,48.4373
15910,-2.05078750345144,48.4372598496929
15993,-2.07209818921363,48.4392465216141
15994,-2.07222565412677,48.4392761922028
19274,-2.07165700000001,48.438943
19275,-2.071632,48.439021
15912,-2.07196317312618,48.4391546470869
15995,-2.04850453748015,48.4393795912195
15996,-2.048627,48.439407
15913,-2.04856576874008,48.4393932956097
15997,-2.05622217640411,48.4358878203517
15998,-2.05627269681173,48.4359430973021
15914,-2.05624795212228,48.4359160228774
16001,-2.0414372199272,48.4423681270133
16002,-2.04171815329596,48.4416752994299
15916,-2.04157768661158,48.4420217132216
19277,-2.06433299999999,48.442628
19278,-2.064396,48.442674
19276,-2.06436635294117,48.4426523529412
19264,-2.02331684770526,48.4455324057772
19265,-2.02331684770526,48.4455324057772
19262,-2.02236620555583,48.4468087669179
19261,-2.02236620555583,48.4468087669179
19259,-2.02673605708535,48.4474628800632
19260,-2.02679051658231,48.4474066881707
19258,-2.02676234787699,48.4474357529427
16003,-2.02576255149044,48.4517534106663
16004,-2.025955,48.451873
15917,-2.02576255149044,48.4517534106663
16005,-2.02017810364428,48.4518287401196
16006,-2.020214,48.451907
15918,-2.02017810364428,48.4518287401196
16007,-2.02822438725851,48.4560247878272
16008,-2.02845215236688,48.4559418179089
15919,-2.02833434282807,48.4559847333839
16009,-2.03535599548117,48.4573427738798
16010,-2.03521955920587,48.4572281378327
15920,-2.03535599548117,48.4573427738798
16011,-2.037645,48.456054
16012,-2.03757064830829,48.4558851211414
15921,-2.03760910607986,48.4559724722752
16013,-2.026007867635,48.4541585018936
16014,-2.02606513523436,48.4540536743257
15922,-2.02603551406228,48.4541078954815
19257,-2.0266924192942,48.4497727405192
16015,-2.02584272656981,48.449755478059
15923,-2.02584272656981,48.449755478059
9646,-2.07391525924789,48.4613061235379
19251,-2.07222793471437,48.4440957413069
19252,-2.07213897904336,48.4440539539501
19250,-2.07218180955162,48.4440740737885
9648,-2.07391525924789,48.4613061235379
16018,-2.08645648704346,48.4653352962366
15925,-2.08645648704346,48.4653352962366
16019,-2.07722092751761,48.4499620776663
16020,-2.07715572674871,48.4498993422414
15926,-2.07718953455481,48.449931871721
16021,-2.05829710607915,48.4617899368137
16022,-2.0581273374944,48.4617671351349
15927,-2.05821222178678,48.4617785359743
16023,-2.07879569328589,48.4653547499553
15928,-2.07879569328589,48.4653547499553
16025,-2.0831781851292,48.4473516409774
16026,-2.08324819080955,48.4472242397517
15929,-2.08321448437086,48.4472855810826
16027,-2.07566596065393,48.4446145241545
16028,-2.07576904233279,48.444439778582
15930,-2.07571941041334,48.4445239153391
16029,-2.083738,48.448554
16030,-2.08301,48.448735
15931,-2.08338748148148,48.4486411481481
16031,-2.066185,48.454416
16032,-2.06667045286107,48.4542278365071
15932,-2.06643671629833,48.4543184337444
16033,-2.06482228150866,48.461217535887
16034,-2.06504562514617,48.4612801957249
15933,-2.06492887733565,48.4612474417187
16035,-2.05367903384097,48.4661990675989
15934,-2.05367903384097,48.4661990675989
16037,-2.04286171588301,48.4752394384092
16038,-2.04275863420416,48.474610730945
15935,-2.04281017504358,48.4749250846771
16039,-2.04150106765831,48.480625877593
16040,-2.04155534715391,48.4805375125368
15936,-2.04152820740611,48.4805816950649
16041,-2.04811268831078,48.4682139113053
16042,-2.04815,48.4681
15937,-2.04813134415539,48.4681569556527
16043,-2.0584320284846,48.4652719519039
16044,-2.057906,48.465286
15938,-2.0581690142423,48.4652789759519
16045,-2.04949596936116,48.4656176887694
16046,-2.04941609476377,48.4655695106707
15939,-2.04945603206247,48.46559359972
16047,-2.02045,48.4757
15940,-2.02045,48.4757
16048,-2.018536,48.474334
15941,-2.018536,48.474334
16049,-2.04383974599276,48.4714863208551
16050,-2.04423222005747,48.4711005642476
15942,-2.04383974599276,48.4714863208551
8697,-2.11725565631484,48.4336963285987
8698,-2.11741715638893,48.4337810087188
8677,-2.11734115635406,48.4337411592505
19269,-2.09407761874245,48.4259484706117
19268,-2.09407761874245,48.4259484706117
8262,-2.08725367942478,48.429816917192
8263,-2.08743039718559,48.429895089643
8699,-2.11080447557792,48.4366144624746
8700,-2.11069108184829,48.4367251917152
8678,-2.11074444360341,48.4366730838373
8701,-2.09922750036618,48.4291983182255
8702,-2.09919755322957,48.4292884347937
8679,-2.09921164599974,48.4292460269969
8703,-2.08964882079024,48.4281449443359
8704,-2.09033198029521,48.4278186927774
8680,-2.09001049346934,48.4279722229226
19272,-2.077124,48.43558
19273,-2.0778563572612,48.4354958742796
19271,-2.07751171855005,48.4355354628539
5531,-2.08734723588639,48.4298583026072
