station dans rayon,station atteintes
734,734
733,733
739,739
740,740
738,738
737,737
730,730
731,731
736,736
735,735
435,435
434,434
438,438
439,439
440,440
441,441
444,444
445,445
442,442
443,443
447,447
446,446
448,448
22,22
177,177
172,172
105,105
2282,2282
609,609
610,610
612,612
611,611
613,613
614,614
617,617
616,616
619,619
618,618
2284,2284
2640,2640
2459,2459
849,849
45,45
622,622
623,623
650,650
649,649
624,624
625,625
640,640
639,639
627,627
626,626
638,638
637,637
628,628
629,629
647,647
648,648
631,631
641,641
642,642
633,633
634,634
644,644
645,645
635,635
636,636
2633,2633
621,621
620,620
643,643
46,46
653,653
654,654
787,787
786,786
788,788
227,227
194,194
278,278
261,261
221,221
202,202
228,228
193,193
204,204
219,219
270,270
304,304
327,327
688,688
687,687
2611,2611
2612,2612
205,205
218,218
222,222
201,201
276,276
263,263
1258,1258
1259,1259
359,359
370,370
216,216
207,207
215,215
208,208
355,355
374,374
226,226
195,195
690,690
691,691
1260,1260
1261,1261
277,277
262,262
675,675
676,676
256,256
229,229
356,356
373,373
684,684
685,685
2566,2566
2565,2565
214,214
209,209
271,271
275,275
264,264
371,371
254,254
357,357
372,372
272,272
267,267
686,686
213,213
210,210
200,200
2564,2564
206,206
217,217
212,212
211,211
681,681
682,682
203,203
220,220
266,266
273,273
265,265
274,274
382,382
269,269
1250,1250
1251,1251
52,52
53,53
54,54
2624,2624
2625,2625
2626,2626
2627,2627
2628,2628
2631,2631
2629,2629
2630,2630
1247,1247
268,268
55,55
674,674
231,231
255,255
176,176
56,56
689,689
703,703
704,704
576,576
577,577
716,716
717,717
2578,2578
726,726
727,727
64,64
2558,2558
65,65
186,186
92,92
187,187
136,136
751,751
750,750
746,746
747,747
286,286
344,344
290,290
340,340
2554,2554
2557,2557
287,287
343,343
756,756
755,755
2555,2555
2556,2556
748,748
749,749
758,758
757,757
754,754
753,753
292,292
338,338
764,764
765,765
291,291
339,339
288,288
342,342
762,762
763,763
285,285
345,345
293,293
337,337
184,184
113,113
180,180
68,68
742,742
743,743
282,282
289,289
341,341
313,313
318,318
772,772
773,773
769,769
768,768
312,312
319,319
781,781
780,780
774,774
775,775
779,779
778,778
315,315
316,316
791,791
790,790
770,770
96,96
771,771
106,106
792,792
86,86
784,784
69,69
70,70
785,785
71,71
170,170
795,795
72,72
162,162
90,90
167,167
147,147
166,166
89,89
800,800
801,801
816,816
817,817
802,802
803,803
818,818
819,819
804,804
805,805
820,820
821,821
281,281
258,258
822,822
823,823
806,806
807,807
2614,2614
2615,2615
809,809
810,810
260,260
279,279
812,812
811,811
75,75
182,182
179,179
76,76
2606,2606
257,257
181,181
78,78
109,109
813,813
104,104
662,662
661,661
369,369
361,361
840,840
841,841
307,307
324,324
310,310
321,321
311,311
320,320
306,306
325,325
834,834
833,833
835,835
836,836
366,366
364,364
305,305
326,326
837,837
838,838
363,363
367,367
842,842
843,843
847,847
846,846
845,845
844,844
309,309
322,322
793,793
173,173
365,365
174,174
103,103
175,175
124,124
1254,1254
