centroid,nb_destinations,trajets,trajets_ok,nb_station_DRT,DRT,DRT_ok,WALK_to_station_DRT,WALK,inaccessibilite
0,16,16,15,0,0,0,0,16,-2786.8271999999997
1,27,27,21,0,0,0,0,27,33887.3712
2,37,37,29,0,0,0,0,37,30825.694800000012
3,47,47,36,0,0,0,0,47,59771.043600000005
4,55,55,45,0,0,0,0,55,52437.1032
5,70,70,59,0,0,0,0,70,17657.210399999996
6,75,75,63,0,0,0,0,75,11574.925200000001
7,85,85,58,0,0,0,0,85,106111.2012
8,94,94,78,0,0,0,0,94,-16237.3128
9,102,102,78,0,0,0,0,102,15790.0308
10,107,107,82,0,0,0,0,107,15205.1208
11,109,109,90,0,0,0,0,109,-61248.44880000001
12,115,115,93,0,0,0,0,115,-43212.094800000006
13,117,117,97,0,0,0,0,117,-35551.62120000001
14,129,129,108,0,0,0,0,129,1484.4131999999918
15,150,150,123,0,0,0,0,150,-14418.890400000011
16,156,156,128,0,0,0,0,156,-27995.229600000013
17,157,157,133,0,0,0,0,157,-9248.908800000012
18,151,151,131,0,0,0,0,151,-28689.447600000007
19,154,154,138,0,0,0,0,154,-87540.92760000001
20,137,137,125,0,0,0,0,137,-87103.9836
21,131,131,115,0,0,0,0,131,48008.5824
22,129,129,113,0,0,0,0,129,50170.966799999995
23,117,117,103,0,0,0,0,117,29462.0916
24,98,98,93,0,0,0,0,98,-111229.13280000002
25,92,92,88,0,0,0,0,92,-114724.32960000003
26,56,None,None,None,None,None,None,None,595193.9568000002
27,35,None,None,None,None,None,None,None,377291.1647999999
28,20,None,None,None,None,None,None,None,220738.77239999996
29,8,None,None,None,None,None,None,None,91918.6572
40,18,18,16,0,0,0,0,18,7179.226799999999
41,30,30,24,0,0,0,0,30,32120.04359999999
42,43,43,33,0,0,0,0,43,42358.496399999996
43,49,49,38,0,0,0,0,49,49419.4392
44,59,59,49,0,0,0,0,59,23884.4616
45,71,71,60,0,0,0,0,71,6788.360400000001
46,80,80,68,0,0,0,0,80,-3665.2248000000027
47,82,82,70,0,0,0,0,82,-16914.0732
48,93,93,78,0,0,0,0,93,-806.1084000000028
49,99,99,78,0,0,0,0,99,7640.306399999998
50,115,115,83,0,0,0,0,115,45299.529599999994
51,117,117,86,0,0,0,0,117,24429.9324
52,123,123,102,0,0,0,0,123,-72820.75919999999
53,132,132,110,0,0,0,0,132,-7920.005999999998
54,145,145,120,0,0,0,0,145,-47236.304400000015
55,161,161,134,0,0,0,0,161,-50344.2684
56,175,175,147,0,0,0,0,175,-49673.8236
57,190,190,161,0,0,0,0,190,-41902.1412
58,196,196,168,0,0,0,0,196,-28149.512400000014
59,196,196,171,0,0,0,0,196,-55159.03079999999
60,185,185,135,0,0,0,0,185,201128.37240000005
61,163,163,141,0,0,0,0,163,71169.9096
62,163,163,142,0,0,0,0,163,100677.09720000002
63,152,152,142,0,0,0,0,152,-81056.29079999999
64,126,126,119,0,0,0,0,126,-85587.7392
65,120,120,116,0,0,0,0,120,-155291.3436
66,107,107,102,0,0,0,0,107,-88568.22600000001
67,73,None,None,None,None,None,None,None,787283.7768
68,43,None,None,None,None,None,None,None,471533.94720000005
69,24,None,None,None,None,None,None,None,273795.30240000004
70,6,None,None,None,None,None,None,None,71168.7588
80,20,20,17,0,0,0,0,20,4663.7004
81,34,34,26,0,0,0,0,34,37861.4508
82,43,43,32,0,0,0,0,43,38986.0656
83,50,50,38,0,0,0,0,50,40052.272799999984
84,62,62,51,0,0,0,0,62,24069.40559999999
85,78,78,66,0,0,0,0,78,-2194.789200000002
86,83,83,70,0,0,0,0,83,-5949.627600000003
87,84,84,69,0,0,0,0,84,4695.153599999998
88,95,95,80,0,0,0,0,95,-18319.86
89,94,94,79,0,0,0,0,94,-12520.85880000001
90,105,105,78,0,0,0,0,105,47404.1724
91,119,119,96,0,0,0,0,119,-33032.1684
92,132,132,99,0,0,0,0,132,39675.162
93,151,151,120,0,0,0,0,151,-6359.402400000002
94,168,168,134,0,0,0,0,168,-10609.533600000017
95,184,None,None,None,None,None,None,None,1475056.0548000003
96,206,206,172,0,0,0,0,206,15725.180399999983
97,220,220,188,0,0,0,0,220,-72239.50080000001
98,222,222,190,0,0,0,0,222,-51117.72480000002
99,239,239,207,0,0,0,0,239,-48650.363999999994
100,246,246,220,0,0,0,0,246,-92674.9548
101,240,240,222,0,0,0,0,240,-161579.8284
102,229,229,213,0,0,0,0,229,-98023.52279999999
103,217,217,202,0,0,0,0,217,-90186.98399999998
104,192,192,179,0,0,0,0,192,-82539.1008
105,177,177,169,0,0,0,0,177,-116110.902
106,156,156,107,0,0,0,0,156,396187.5347999999
107,122,None,None,None,None,None,None,None,1292244.3407999997
108,79,None,None,None,None,None,None,None,852633.2628
109,47,None,None,None,None,None,None,None,523539.19559999986
110,22,None,None,None,None,None,None,None,256817.84759999998
120,20,20,17,0,0,0,0,20,3633.4367999999995
121,35,35,26,0,0,0,0,35,38715.072
122,45,45,33,0,0,0,0,45,54674.6724
123,51,51,38,0,0,0,0,51,75313.06800000001
124,72,72,59,0,0,0,0,72,8105.036400000001
125,85,85,71,0,0,0,0,85,-11418.720000000007
126,88,88,64,0,0,0,0,88,87930.04560000001
127,87,87,71,0,0,0,0,87,4772.788799999998
128,98,98,82,0,0,0,0,98,-12150.39
129,99,99,85,0,0,0,0,99,-11786.977199999996
130,110,110,94,0,0,0,0,110,-17132.167200000004
131,115,115,96,0,0,0,0,115,-28743.612
132,143,143,107,0,0,0,0,143,60647.24280000001
133,171,171,131,0,0,0,0,171,-4177.156800000012
134,188,188,151,0,0,0,0,188,-45153.315600000016
135,216,216,151,0,0,0,0,216,276875.7144
136,244,244,171,0,0,0,0,244,303925.38
137,265,265,224,0,0,0,0,265,-67711.89960000002
138,292,292,253,0,0,0,0,292,-46321.885200000004
139,315,315,277,0,0,0,0,315,-100456.2744
140,306,306,274,0,0,0,0,306,-132884.7048
141,299,299,273,0,0,0,0,299,-133900.29120000004
142,278,278,259,0,0,0,0,278,-211644.3912
143,272,272,253,0,0,0,0,272,-109985.90400000001
144,251,251,235,0,0,0,0,251,-104943.04680000001
145,235,235,223,0,0,0,0,235,-183321.47879999998
146,222,222,143,0,0,0,0,222,706073.0063999997
147,181,181,121,0,0,0,0,181,524605.572
148,133,None,None,None,None,None,None,None,1410785.106
149,82,None,None,None,None,None,None,None,894874.0127999998
150,46,None,None,None,None,None,None,None,521955.9395999999
151,2,None,None,None,None,None,None,None,23975.576399999998
160,21,21,17,0,0,0,0,21,6057.514800000001
161,34,34,27,0,0,0,0,34,61366.1064
162,44,44,33,0,0,0,0,44,52153.57439999999
163,50,50,38,0,0,0,0,50,64694.2488
164,72,72,55,0,0,0,0,72,60559.49759999999
165,92,92,64,0,0,0,0,92,105639.3372
166,95,95,66,0,0,0,0,95,95050.19159999999
167,94,94,66,0,0,0,0,94,87656.31839999997
168,106,106,69,0,0,0,0,106,165475.69319999998
169,112,112,91,0,0,0,0,112,9828.8352
170,112,112,96,0,0,0,0,112,-12455.340000000004
171,126,126,106,0,0,0,0,126,3150.963599999999
172,156,156,121,0,0,0,0,156,69274.42439999999
173,184,184,147,0,0,0,0,184,68218.59119999998
174,220,220,175,0,0,0,0,220,96336.07679999997
175,256,256,191,0,0,0,0,256,209433.86639999994
176,285,285,199,0,0,0,0,285,420347.4695999999
177,314,314,218,0,0,0,0,314,508310.8907999999
178,327,327,285,0,0,0,0,327,-66861.20400000001
179,353,353,311,0,0,0,0,353,-113601.54000000001
180,347,347,311,0,0,0,0,347,-120709.89480000001
181,337,337,308,0,0,0,0,337,-130542.32520000002
182,321,321,299,0,0,0,0,321,-258003.81359999996
183,318,318,298,0,0,0,0,318,-190057.25280000005
184,299,299,279,0,0,0,0,299,-226734.89519999997
185,280,280,264,0,0,0,0,280,-242590.2084
186,268,268,257,0,0,0,0,268,-248964.924
187,248,248,156,0,0,0,0,248,828288.1847999998
188,220,None,None,None,None,None,None,None,2303587.9608
189,158,None,None,None,None,None,None,None,1717664.0604
190,77,None,None,None,None,None,None,None,854035.4759999999
191,42,None,None,None,None,None,None,None,489337.9932
200,19,19,16,0,0,0,0,19,22356.349199999997
201,36,36,28,0,0,0,0,36,71808.1752
202,44,44,33,0,0,0,0,44,54023.5056
203,55,55,43,0,0,0,0,55,49943.9244
204,70,70,53,0,0,0,0,70,41125.690800000004
205,94,94,71,0,0,0,0,94,70941.89399999999
206,98,98,67,0,0,0,0,98,115033.452
207,104,104,83,0,0,0,0,104,29463.381599999993
208,120,None,None,None,None,None,None,None,834755.7324000006
209,127,None,None,None,None,None,None,None,874022.448
210,124,124,101,0,0,0,0,124,7056.4835999999905
211,136,136,112,0,0,0,0,136,22397.499599999992
212,172,172,140,0,0,0,0,172,12235.353599999973
213,217,217,161,0,0,0,0,217,163022.39160000003
214,252,252,210,0,0,0,0,252,15541.821599999981
215,282,282,236,0,0,0,0,282,20655.86279999998
216,321,321,275,0,0,0,0,321,-54119.12280000001
217,344,344,297,0,0,0,0,344,-148109.4588
218,363,363,316,0,0,0,0,363,37391.70359999997
219,387,387,339,0,0,0,0,387,27198.681600000025
220,389,389,318,0,0,0,0,389,228142.5143999999
221,366,366,333,0,0,0,0,366,-113933.63160000007
222,350,350,322,0,0,0,0,350,-152027.88360000003
223,340,340,318,0,0,0,0,340,-241988.88359999997
224,333,333,310,0,0,0,0,333,-227074.2912
225,325,325,145,0,0,0,0,325,1512166.0488000005
226,306,306,135,0,0,0,0,306,1518550.4868
227,294,294,276,0,0,0,0,294,-13603.780799999999
228,272,272,138,0,0,0,0,272,1228028.7936
229,249,None,None,None,None,None,None,None,2651173.1879999996
230,174,None,None,None,None,None,None,None,1936219.5179999995
231,63,None,None,None,None,None,None,None,710990.5715999999
232,20,None,None,None,None,None,None,None,236869.8264
240,19,19,16,0,0,0,0,19,23114.928
241,27,27,22,0,0,0,0,27,53745.9924
242,44,44,33,0,0,0,0,44,57400.249200000006
243,59,59,46,0,0,0,0,59,57216.0312
244,70,70,53,0,0,0,0,70,36117.6492
245,90,90,67,0,0,0,0,90,73805.98679999997
246,98,98,67,0,0,0,0,98,128056.8456
247,110,None,None,None,None,None,None,None,825637.3176
248,124,None,None,None,None,None,None,None,890978.8691999997
249,137,None,None,None,None,None,None,None,962360.6039999999
250,142,142,117,0,0,0,0,142,18480.9528
251,158,158,126,0,0,0,0,158,40613.872800000005
252,207,207,167,0,0,0,0,207,5963.343600000011
253,242,242,198,0,0,0,0,242,-1.9896000000517233
254,272,272,206,0,0,0,0,272,176434.56719999996
255,324,324,236,0,0,0,0,324,385905.73800000007
256,357,357,243,0,0,0,0,357,608724.8435999998
257,380,380,330,0,0,0,0,380,-76266.19440000002
258,400,400,351,0,0,0,0,400,-198335.37720000008
259,401,401,354,0,0,0,0,401,-76094.68320000003
260,380,380,337,0,0,0,0,380,-146575.91400000008
261,378,378,340,0,0,0,0,378,-84423.48720000003
262,379,379,341,0,0,0,0,379,-58687.2588
263,355,355,326,0,0,0,0,355,-145493.93879999995
264,351,351,326,0,0,0,0,351,-201204.87839999996
265,344,344,153,0,0,0,0,344,1448627.4156000002
266,332,332,291,0,0,0,0,332,73573.53839999998
267,311,311,296,0,0,0,0,311,-243740.36280000003
268,300,300,150,0,0,0,0,300,1225396.1759999997
269,283,None,None,None,None,None,None,None,2851277.180400002
270,254,None,None,None,None,None,None,None,2739239.9183999994
271,151,None,None,None,None,None,None,None,1693470.121199999
272,65,None,None,None,None,None,None,None,752838.2555999997
273,4,None,None,None,None,None,None,None,47573.1144
280,17,17,15,0,0,0,0,17,14314.4952
281,25,25,20,0,0,0,0,25,37466.0184
282,45,45,35,0,0,0,0,45,57718.78199999999
283,59,59,46,0,0,0,0,59,62397.65879999999
284,69,69,50,0,0,0,0,69,65109.06479999999
285,83,83,62,0,0,0,0,83,56610.57239999999
286,98,98,68,0,0,0,0,98,138043.91999999998
287,114,None,None,None,None,None,None,None,915486.4199999999
288,123,None,None,None,None,None,None,None,921850.2060000004
289,136,136,110,0,0,0,0,136,19561.843199999996
290,155,155,127,0,0,0,0,155,7819.665599999997
291,182,182,143,0,0,0,0,182,82427.66399999999
292,225,225,182,0,0,0,0,225,28465.216799999987
293,252,252,208,0,0,0,0,252,26067.123599999977
294,301,301,246,0,0,0,0,301,211583.544
295,343,None,None,None,None,None,None,None,2740174.257599998
296,388,388,327,0,0,0,0,388,13938.689999999999
297,404,404,163,0,0,0,0,404,1748824.7076000003
298,411,411,363,0,0,0,0,411,-247855.94879999998
299,406,406,361,0,0,0,0,406,-277284.51120000007
300,395,395,355,0,0,0,0,395,-162606.17760000002
301,380,380,339,0,0,0,0,380,85038.5208
302,377,377,331,0,0,0,0,377,81844.15199999997
303,380,380,337,0,0,0,0,380,-123630.39239999998
304,366,366,306,0,0,0,0,366,26752.631999999998
305,361,361,329,0,0,0,0,361,-154162.40279999995
306,345,345,320,0,0,0,0,345,-221974.98
307,330,330,312,0,0,0,0,330,-248818.28760000004
308,318,318,205,0,0,0,0,318,714527.682
309,302,302,197,0,0,0,0,302,734803.0140000002
310,284,None,None,None,None,None,None,None,2917518.2015999993
311,227,None,None,None,None,None,None,None,2472126.687599999
312,113,None,None,None,None,None,None,None,1266497.4480000003
313,40,None,None,None,None,None,None,None,460289.27640000003
314,12,None,None,None,None,None,None,None,140640.198
320,13,13,12,0,0,0,0,13,-2710.5335999999998
321,21,21,17,0,0,0,0,21,33786.846000000005
322,36,36,29,0,0,0,0,36,50875.584
323,60,60,46,0,0,0,0,60,72469.99320000001
324,69,69,50,0,0,0,0,69,73327.61519999999
325,77,77,56,0,0,0,0,77,59549.265599999984
326,90,90,63,0,0,0,0,90,109248.4632
327,115,115,85,0,0,0,0,115,100922.36039999998
328,125,125,92,0,0,0,0,125,101075.40599999999
329,141,141,104,0,0,0,0,141,86881.81079999998
330,160,160,115,0,0,0,0,160,153964.1112
331,193,193,131,0,0,0,0,193,308591.2332000001
332,233,233,189,0,0,0,0,233,53534.84039999999
333,262,262,216,0,0,0,0,262,194631.08879999994
334,315,315,264,0,0,0,0,315,181232.09279999998
335,376,376,317,0,0,0,0,376,-56146.485600000015
336,407,407,320,0,0,0,0,407,387615.83880000014
337,422,422,343,0,0,0,0,422,242585.9891999999
338,420,420,372,0,0,0,0,420,-201540.68160000004
339,420,420,374,0,0,0,0,420,-344236.7688
340,408,408,363,0,0,0,0,408,-305708.1708
341,379,379,336,0,0,0,0,379,-251090.58839999995
342,359,359,311,0,0,0,0,359,91314.5532
343,368,368,327,0,0,0,0,368,-190986.50160000002
344,365,365,320,0,0,0,0,365,-70097.28000000003
345,376,376,325,0,0,0,0,376,-77725.94879999995
346,370,370,331,0,0,0,0,370,-67972.6464
347,348,348,279,0,0,0,0,348,182638.18799999994
348,331,331,213,0,0,0,0,331,675855.1464000001
349,319,319,300,0,0,0,0,319,-205407.87360000005
350,305,None,None,None,None,None,None,None,2987629.566000001
351,255,None,None,None,None,None,None,None,2653010.976
352,193,None,None,None,None,None,None,None,2122115.7456000005
353,89,None,None,None,None,None,None,None,1000452.8952
354,33,None,None,None,None,None,None,None,371863.0512
355,14,None,None,None,None,None,None,None,160884.45239999998
356,2,None,None,None,None,None,None,None,23937.5676
360,10,10,5,0,0,0,0,10,52801.971600000004
361,15,15,13,0,0,0,0,15,7814.962799999999
362,28,28,22,0,0,0,0,28,44387.31479999999
363,58,58,46,0,0,0,0,58,71432.38440000001
364,69,69,51,0,0,0,0,69,83545.79639999999
365,77,77,55,0,0,0,0,77,83002.2576
366,89,89,63,0,0,0,0,89,99697.1556
367,105,105,79,0,0,0,0,105,50759.92079999999
368,122,122,90,0,0,0,0,122,72079.01999999999
369,144,144,106,0,0,0,0,144,113817.264
370,169,169,120,0,0,0,0,169,193500.3192
371,191,191,149,0,0,0,0,191,97987.09079999998
372,234,234,189,0,0,0,0,234,69360.0228
373,272,272,228,0,0,0,0,272,-39982.748399999975
374,324,324,279,0,0,0,0,324,-59283.38760000002
375,392,392,319,0,0,0,0,392,351401.0892
376,426,426,377,0,0,0,0,426,-213433.7352
377,424,424,375,0,0,0,0,424,-191084.4648
378,439,439,385,0,0,0,0,439,-216899.62439999997
379,435,435,380,0,0,0,0,435,-235231.47240000012
380,400,400,357,0,0,0,0,400,-337486.494
381,376,376,333,0,0,0,0,376,-282150.9840000001
382,360,360,312,0,0,0,0,360,-203722.1916
383,349,349,303,0,0,0,0,349,-141406.29360000006
384,368,368,324,0,0,0,0,368,-199489.75680000015
385,380,380,293,0,0,0,0,380,127428.19559999995
386,387,387,334,0,0,0,0,387,-17394.52440000002
387,372,372,337,0,0,0,0,372,-243241.3476000001
388,355,355,136,0,0,0,0,355,1541465.3076000002
389,331,331,125,0,0,0,0,331,1586716.5239999997
390,312,312,218,0,0,0,0,312,650643.2063999999
391,266,266,228,0,0,0,0,266,222639.4044
392,210,None,None,None,None,None,None,None,2204873.9735999997
393,127,None,None,None,None,None,None,None,1383926.3892000006
394,51,None,None,None,None,None,None,None,548784.4956000001
395,30,None,None,None,None,None,None,None,331020.138
396,18,None,None,None,None,None,None,None,206228.89440000005
397,2,None,None,None,None,None,None,None,23624.3076
400,2,2,1,0,0,0,0,2,5724.0708
401,8,8,3,0,0,0,0,8,57505.9776
402,16,16,9,0,0,0,0,16,64852.0932
403,44,44,31,0,0,0,0,44,80716.2432
404,65,65,47,0,0,0,0,65,89893.6512
405,76,76,53,0,0,0,0,76,113919.95760000002
406,82,82,59,0,0,0,0,82,90603.25080000001
407,105,105,77,0,0,0,0,105,90560.06760000001
408,117,117,85,0,0,0,0,117,90135.29879999999
409,133,133,97,0,0,0,0,133,95825.35440000001
410,169,169,120,0,0,0,0,169,186417.0612
411,188,188,134,0,0,0,0,188,188565.2556
412,225,225,179,0,0,0,0,225,42313.71719999999
413,280,280,233,0,0,0,0,280,-59618.37840000002
414,339,339,283,0,0,0,0,339,-46243.397999999994
415,405,405,351,0,0,0,0,405,83781.23279999998
416,427,427,384,0,0,0,0,427,-298716.40920000005
417,448,448,400,0,0,0,0,448,-315739.3523999999
418,468,468,413,0,0,0,0,468,-250747.71959999995
419,448,448,396,0,0,0,0,448,-245289.7200000001
420,421,421,332,0,0,0,0,421,52458.39599999998
421,398,398,354,0,0,0,0,398,-328814.65079999994
422,348,348,300,0,0,0,0,348,-196546.45319999993
423,320,320,270,0,0,0,0,320,-96360.69239999999
424,351,351,303,0,0,0,0,351,-138316.67040000006
425,380,380,332,0,0,0,0,380,-174983.56679999997
426,397,397,344,0,0,0,0,397,-164160.08999999997
427,376,376,330,0,0,0,0,376,-158919.5952
428,363,363,310,0,0,0,0,363,-17466.934800000014
429,337,337,233,0,0,0,0,337,556751.4599999998
430,311,311,256,0,0,0,0,311,164325.65999999997
431,270,270,227,0,0,0,0,270,205432.75679999994
432,232,232,199,0,0,0,0,232,203101.83
433,164,164,82,0,0,0,0,164,807457.4855999998
434,76,None,None,None,None,None,None,None,800274.6072000002
435,43,None,None,None,None,None,None,None,454674.1368000001
436,31,None,None,None,None,None,None,None,341417.88600000006
437,18,None,None,None,None,None,None,None,206878.24440000003
438,2,None,None,None,None,None,None,None,23807.4528
440,2,2,1,0,0,0,0,2,6819.575999999999
441,2,2,1,0,0,0,0,2,6444.999599999999
442,3,3,2,0,0,0,0,3,2009.4959999999992
443,18,18,12,0,0,0,0,18,31818.430800000002
444,54,54,38,0,0,0,0,54,101621.03279999999
445,72,72,50,0,0,0,0,72,127752.29040000003
446,83,83,60,0,0,0,0,83,97967.59439999997
447,103,103,73,0,0,0,0,103,136471.66559999998
448,117,117,84,0,0,0,0,117,119341.1436
449,131,131,91,0,0,0,0,131,156376.7844
450,160,160,111,0,0,0,0,160,189368.34960000002
451,179,179,127,0,0,0,0,179,161853.3288
452,227,227,179,0,0,0,0,227,-21837.234000000026
453,277,277,229,0,0,0,0,277,-82843.93800000001
454,376,376,328,0,0,0,0,376,-250194.46079999994
455,421,421,373,0,0,0,0,421,-336419.6748
456,439,439,389,0,0,0,0,439,-194090.6172
457,456,456,224,0,0,0,0,456,1394715.3588000007
458,454,454,222,0,0,0,0,454,1295969.1720000003
459,441,441,354,0,0,0,0,441,64990.96919999999
460,435,435,351,0,0,0,0,435,32588.691599999984
461,407,407,350,0,0,0,0,407,-26557.083600000016
462,367,367,313,0,0,0,0,367,-182770.8996
463,337,337,282,0,0,0,0,337,-125718.50760000006
464,331,331,281,0,0,0,0,331,-119139.58559999999
465,359,359,310,0,0,0,0,359,-185825.94360000003
466,391,391,342,0,0,0,0,391,-109252.34759999998
467,384,384,309,0,0,0,0,384,69344.262
468,375,375,256,0,0,0,0,375,527643.0791999999
469,347,347,240,0,0,0,0,347,545165.5979999999
470,304,304,246,0,0,0,0,304,155566.0692
471,268,268,223,0,0,0,0,268,182468.57519999996
472,236,236,114,0,0,0,0,236,1099123.2192000002
473,176,176,84,0,0,0,0,176,896624.2559999995
474,89,89,78,0,0,0,0,89,14344.835999999996
475,58,None,None,None,None,None,None,None,598496.1192
476,31,None,None,None,None,None,None,None,317458.5768
477,27,None,None,None,None,None,None,None,298015.9704
478,10,None,None,None,None,None,None,None,114864.1944
480,1,None,None,None,None,None,None,None,8544.1836
481,1,None,None,None,None,None,None,None,8221.1868
482,1,None,None,None,None,None,None,None,8071.481999999999
483,6,None,None,None,None,None,None,None,65827.7688
484,18,None,None,None,None,None,None,None,198945.9552
485,49,None,None,None,None,None,None,None,538161.4008000001
486,71,71,49,0,0,0,0,71,124381.22880000001
487,89,89,62,0,0,0,0,89,138866.0376
488,109,109,76,0,0,0,0,109,154091.14919999999
489,120,120,82,0,0,0,0,120,174346.44719999997
490,146,146,99,0,0,0,0,146,206901.51
491,168,168,119,0,0,0,0,168,151589.62079999995
492,223,223,176,0,0,0,0,223,-9940.112399999996
493,276,276,226,0,0,0,0,276,-73172.0772
494,372,372,321,0,0,0,0,372,-205764.8616
495,432,432,380,0,0,0,0,432,-311178.38879999996
496,435,435,223,0,0,0,0,435,1411313.6028000005
497,449,None,None,None,None,None,None,None,3449639.305200001
498,452,452,401,0,0,0,0,452,-382382.28719999996
499,448,448,404,0,0,0,0,448,-430996.6524
500,447,447,403,0,0,0,0,447,-419509.73880000005
501,430,430,377,0,0,0,0,430,-349903.46040000016
502,385,385,329,0,0,0,0,385,-216538.59480000005
503,352,352,296,0,0,0,0,352,-171096.8124
504,337,337,283,0,0,0,0,337,-146492.95679999999
505,342,342,280,0,0,0,0,342,102601.64639999998
506,380,380,319,0,0,0,0,380,-107328.99239999996
507,376,376,309,0,0,0,0,376,-40254.454800000036
508,371,371,300,0,0,0,0,371,62420.0676
509,342,342,273,0,0,0,0,342,116861.32439999995
510,316,316,256,0,0,0,0,316,132446.16959999996
511,274,274,254,0,0,0,0,274,-216435.65399999998
512,236,236,221,0,0,0,0,236,-176103.81840000002
513,175,175,160,0,0,0,0,175,35305.13880000001
514,94,94,83,0,0,0,0,94,9047.203199999996
515,67,67,56,0,0,0,0,67,32834.568
516,43,None,None,None,None,None,None,None,436053.3984
517,30,None,None,None,None,None,None,None,315758.6123999999
518,23,None,None,None,None,None,None,None,259326.52920000005
519,6,None,None,None,None,None,None,None,70205.7816
520,1,None,None,None,None,None,None,None,9687.762
521,1,None,None,None,None,None,None,None,9404.3076
522,1,None,None,None,None,None,None,None,9273.9048
523,2,None,None,None,None,None,None,None,20692.683599999997
524,8,None,None,None,None,None,None,None,87364.97520000002
525,31,None,None,None,None,None,None,None,346998.74159999995
526,49,None,None,None,None,None,None,None,523440.9912
527,66,66,46,0,0,0,0,66,98765.33159999999
528,89,89,62,0,0,0,0,89,127217.6808
529,105,105,72,0,0,0,0,105,141726.1716
530,130,130,88,0,0,0,0,130,195141.5364
531,165,165,118,0,0,0,0,165,165854.1
532,216,216,168,0,0,0,0,216,37356.90839999998
533,280,280,228,0,0,0,0,280,-64879.471200000015
534,355,355,298,0,0,0,0,355,-67726.20359999998
535,432,432,226,0,0,0,0,432,1548908.6484000003
536,442,442,220,0,0,0,0,442,1484971.0763999992
537,464,464,182,0,0,0,0,464,1939016.5427999988
538,463,463,414,0,0,0,0,463,-427136.78160000005
539,465,465,415,0,0,0,0,465,-423730.94639999996
540,466,466,415,0,0,0,0,466,-417424.2912
541,461,461,396,0,0,0,0,461,-266142.7212
542,409,409,342,0,0,0,0,409,-123161.14079999998
543,367,367,311,0,0,0,0,367,-251054.90760000006
544,371,371,315,0,0,0,0,371,-230598.23160000003
545,365,365,315,0,0,0,0,365,-214621.47600000014
546,371,371,320,0,0,0,0,371,18105.70439999996
547,364,364,293,0,0,0,0,364,47517.95279999998
548,353,353,296,0,0,0,0,353,26326.11599999999
549,337,337,309,0,0,0,0,337,-277540.7796
550,309,309,285,0,0,0,0,309,-258846.52800000005
551,275,275,254,0,0,0,0,275,-219000.6864
552,245,245,220,0,0,0,0,245,69366.23760000002
553,176,176,161,0,0,0,0,176,22037.023199999996
554,100,100,88,0,0,0,0,100,-8445.442799999999
555,73,73,62,0,0,0,0,73,16170.451199999989
556,48,None,None,None,None,None,None,None,470888.9555999999
557,36,None,None,None,None,None,None,None,369769.296
558,26,None,None,None,None,None,None,None,281879.5188
559,14,None,None,None,None,None,None,None,160806.91439999998
560,1,None,None,None,None,None,None,None,10844.3124
561,1,None,None,None,None,None,None,None,10592.0376
562,1,None,None,None,None,None,None,None,10476.6156
563,2,None,None,None,None,None,None,None,22442.281199999998
564,6,None,None,None,None,None,None,None,68119.5876
565,18,None,None,None,None,None,None,None,203397.9888
566,37,None,None,None,None,None,None,None,403514.9148000001
567,53,None,None,None,None,None,None,None,551664.5171999999
568,68,68,48,0,0,0,0,68,71540.6352
569,95,95,65,0,0,0,0,95,139109.05319999997
570,130,None,None,None,None,None,None,None,1242349.4123999996
571,160,None,None,None,None,None,None,None,1475373.1823999998
572,197,None,None,None,None,None,None,None,1773856.0872000002
573,251,251,184,0,0,0,0,251,241294.79640000005
574,339,339,259,0,0,0,0,339,311898.39359999984
575,421,421,362,0,0,0,0,421,-178516.69320000004
576,442,442,269,0,0,0,0,442,1132418.6256
577,471,471,284,0,0,0,0,471,1119557.6268000002
578,466,466,386,0,0,0,0,466,-94414.81439999992
579,469,469,399,0,0,0,0,469,-239606.99159999995
580,481,481,414,0,0,0,0,481,-295110.66
581,499,499,278,0,0,0,0,499,743588.1000000001
582,475,475,400,0,0,0,0,475,-200510.32440000007
583,416,416,358,0,0,0,0,416,-121608.5244000001
584,401,401,347,0,0,0,0,401,-296199.2664
585,381,381,334,0,0,0,0,381,-249132.64680000002
586,389,389,347,0,0,0,0,389,-288237.40080000006
587,363,363,325,0,0,0,0,363,4726.944000000005
588,346,346,315,0,0,0,0,346,-300864.39359999995
589,318,318,294,0,0,0,0,318,-297201.4452000001
590,302,302,279,0,0,0,0,302,-274994.42279999994
591,275,275,252,0,0,0,0,275,-164773.74000000005
592,245,245,226,0,0,0,0,245,-125780.1024
593,184,184,166,0,0,0,0,184,6056.404799999989
594,105,105,91,0,0,0,0,105,9798.920399999995
595,77,77,56,0,0,0,0,77,92881.7328
596,52,52,35,0,0,0,0,52,107635.93919999998
597,41,None,None,None,None,None,None,None,411866.42879999994
598,29,None,None,None,None,None,None,None,305759.01719999994
599,18,None,None,None,None,None,None,None,201653.00879999995
601,1,None,None,None,None,None,None,None,11782.9848
602,1,None,None,None,None,None,None,None,11679.5244
603,1,None,None,None,None,None,None,None,11702.9868
604,2,None,None,None,None,None,None,None,23450.154000000002
605,7,None,None,None,None,None,None,None,79664.24639999999
606,31,None,None,None,None,None,None,None,348206.1432
607,43,None,None,None,None,None,None,None,456381.0420000001
608,62,None,None,None,None,None,None,None,633879.5688
609,87,None,None,None,None,None,None,None,864617.0303999997
610,144,None,None,None,None,None,None,None,1443745.3007999999
611,164,None,None,None,None,None,None,None,1547998.5996
612,182,None,None,None,None,None,None,None,1619489.7444000004
613,207,None,None,None,None,None,None,None,1784716.0643999993
614,305,305,228,0,0,0,0,305,341342.0255999999
615,399,399,310,0,0,0,0,399,225652.57200000001
616,433,433,355,0,0,0,0,433,145439.03520000004
617,468,468,169,0,0,0,0,468,2241946.8888
618,470,470,402,0,0,0,0,470,-213219.8112
619,486,486,407,0,0,0,0,486,-168660.08519999997
620,498,498,411,0,0,0,0,498,-129208.03440000006
621,496,496,274,0,0,0,0,496,865205.5716000001
622,486,486,422,0,0,0,0,486,-331375.28039999993
623,463,463,404,0,0,0,0,463,-170026.71600000001
624,429,429,377,0,0,0,0,429,-227191.53720000014
625,396,396,352,0,0,0,0,396,-292278.1764000002
626,406,406,366,0,0,0,0,406,-336725.5848000001
627,368,368,333,0,0,0,0,368,-302536.8696
628,346,346,314,0,0,0,0,346,-307842.5424000001
629,314,314,290,0,0,0,0,314,-328357.6776
630,285,285,261,0,0,0,0,285,-108624.28079999998
631,269,269,243,0,0,0,0,269,-114628.68480000002
632,239,239,215,0,0,0,0,239,-84804.64680000002
633,185,185,161,0,0,0,0,185,53366.44199999998
634,118,118,86,0,0,0,0,118,158850.99360000002
635,91,91,67,0,0,0,0,91,106226.43239999999
636,61,61,42,0,0,0,0,61,115031.93999999999
637,45,45,27,0,0,0,0,45,152138.8236
638,35,None,None,None,None,None,None,None,364726.0548
639,24,None,None,None,None,None,None,None,265127.86079999997
645,3,None,None,None,None,None,None,None,35000.499599999996
646,17,None,None,None,None,None,None,None,193742.90879999998
647,44,None,None,None,None,None,None,None,487767.71280000004
648,58,None,None,None,None,None,None,None,607936.8143999998
649,86,None,None,None,None,None,None,None,878438.8056000001
650,135,None,None,None,None,None,None,None,1357837.1748000006
651,158,None,None,None,None,None,None,None,1498824.2256000007
652,177,None,None,None,None,None,None,None,1582645.752
653,189,None,None,None,None,None,None,None,1600041.4308
654,248,248,176,0,0,0,0,248,318243.0971999999
655,358,358,270,0,0,0,0,358,302397.0624
656,422,422,323,0,0,0,0,422,298327.518
657,459,459,369,0,0,0,0,459,123522.49319999997
658,472,472,406,0,0,0,0,472,-206478.02280000006
659,482,482,413,0,0,0,0,482,-218922.8699999999
660,484,484,349,0,0,0,0,484,390218.8560000001
661,494,494,429,0,0,0,0,494,-334714.3512000001
662,490,490,427,0,0,0,0,490,-333151.59479999996
663,468,468,410,0,0,0,0,468,-323694.9828
664,446,446,233,0,0,0,0,446,1054112.6519999993
665,429,429,384,0,0,0,0,429,-321140.0735999998
666,408,408,369,0,0,0,0,408,-380658.7428
667,389,389,353,0,0,0,0,389,-290484.55199999985
668,351,351,316,0,0,0,0,351,-256486.8012000001
669,297,297,273,0,0,0,0,297,-288654.44279999996
670,273,273,250,0,0,0,0,273,-247753.06080000004
671,251,251,227,0,0,0,0,251,28349.52959999998
672,221,221,196,0,0,0,0,221,5257.261200000015
673,159,159,135,0,0,0,0,159,6667.7699999999895
674,120,120,101,0,0,0,0,120,3864.0227999999843
675,104,104,86,0,0,0,0,104,44809.632
676,73,73,44,0,0,0,0,73,245231.16959999996
677,56,56,33,0,0,0,0,56,189721.37039999999
678,41,None,None,None,None,None,None,None,420601.4279999999
679,32,None,None,None,None,None,None,None,349983.67199999996
685,2,None,None,None,None,None,None,None,23737.152000000002
686,11,None,None,None,None,None,None,None,124625.66279999999
687,33,None,None,None,None,None,None,None,369150.06000000006
688,57,None,None,None,None,None,None,None,613872.9924
689,95,None,None,None,None,None,None,None,1001667.8339999998
690,127,None,None,None,None,None,None,None,1277707.7616000006
691,149,None,None,None,None,None,None,None,1411862.2559999998
692,172,None,None,None,None,None,None,None,1547591.4935999997
693,186,None,None,None,None,None,None,None,1571444.373600001
694,215,None,None,None,None,None,None,None,1808232.2472000003
695,297,297,225,0,0,0,0,297,221251.1184
696,376,376,292,0,0,0,0,376,212615.16959999994
697,432,432,335,0,0,0,0,432,244740.3263999999
698,453,453,391,0,0,0,0,453,-188795.08200000008
699,466,466,401,0,0,0,0,466,-196593.18600000002
700,476,476,382,0,0,0,0,476,89946.77639999999
701,483,483,418,0,0,0,0,483,-246632.60520000005
702,474,474,417,0,0,0,0,474,-334907.3196000001
703,461,461,367,0,0,0,0,461,100495.09559999997
704,459,459,240,0,0,0,0,459,1177953.4956
705,443,None,None,None,None,None,None,None,3310867.1856
706,434,434,387,0,0,0,0,434,-310745.2224000001
707,410,None,None,None,None,None,None,None,3252356.1684000026
708,362,362,326,0,0,0,0,362,-258318.90840000007
709,302,302,274,0,0,0,0,302,-209506.0032
710,278,278,251,0,0,0,0,278,-182830.50960000002
711,237,237,211,0,0,0,0,237,-146417.04480000003
712,206,206,181,0,0,0,0,206,-27995.48880000002
713,152,152,128,0,0,0,0,152,-577.2276000000275
714,117,117,98,0,0,0,0,117,8379.4404
715,108,108,89,0,0,0,0,108,41509.848000000005
716,75,75,51,0,0,0,0,75,179578.104
717,67,67,45,0,0,0,0,67,147458.40239999996
718,50,50,34,0,0,0,0,50,111109.3176
719,37,None,None,None,None,None,None,None,394808.2584
725,4,None,None,None,None,None,None,None,47123.9196
726,13,None,None,None,None,None,None,None,146542.2612
727,16,None,None,None,None,None,None,None,167593.8084
728,47,None,None,None,None,None,None,None,503519.9016
729,93,None,None,None,None,None,None,None,985758.4091999996
730,112,None,None,None,None,None,None,None,1110873.7716000006
731,141,None,None,None,None,None,None,None,1338352.1352
732,157,None,None,None,None,None,None,None,1396448.0795999998
733,177,None,None,None,None,None,None,None,1498198.8660000002
734,192,None,None,None,None,None,None,None,1537226.2079999999
735,233,233,165,0,0,0,0,233,178394.81159999996
736,316,316,241,0,0,0,0,316,214511.46359999993
737,362,362,303,0,0,0,0,362,-44627.52960000005
738,395,395,336,0,0,0,0,395,31671.05639999998
739,421,421,361,0,0,0,0,421,133679.77920000002
740,448,448,285,0,0,0,0,448,916873.8527999996
741,474,474,384,0,0,0,0,474,51586.59959999997
742,461,None,None,None,None,None,None,None,3571692.0419999966
743,461,461,363,0,0,0,0,461,174204.81840000002
744,455,455,362,0,0,0,0,455,143233.464
745,440,440,387,0,0,0,0,440,-232368.19079999998
746,426,426,376,0,0,0,0,426,-308668.95119999995
747,393,None,None,None,None,None,None,None,3189687.586800002
748,352,352,311,0,0,0,0,352,-161624.51400000005
749,307,307,265,0,0,0,0,307,-52245.96000000001
750,264,264,237,0,0,0,0,264,-68341.7184
751,227,227,200,0,0,0,0,227,52198.72679999999
752,187,187,158,0,0,0,0,187,-411.73920000002545
753,156,156,128,0,0,0,0,156,43863.86879999999
754,131,131,107,0,0,0,0,131,53809.943999999974
755,108,108,85,0,0,0,0,108,76071.68039999998
756,77,77,53,0,0,0,0,77,149904.8664
757,71,71,48,0,0,0,0,71,148011.7332
758,63,63,42,0,0,0,0,63,154888.10280000002
759,42,42,27,0,0,0,0,42,120913.4412
765,4,None,None,None,None,None,None,None,44802.5052
766,11,None,None,None,None,None,None,None,120138.43919999998
767,20,None,None,None,None,None,None,None,210791.88
768,41,None,None,None,None,None,None,None,432624.98279999994
769,85,None,None,None,None,None,None,None,892262.0927999999
770,103,None,None,None,None,None,None,None,1007343.4115999996
771,121,None,None,None,None,None,None,None,1109835.6383999998
772,144,None,None,None,None,None,None,None,1264141.5071999996
773,156,None,None,None,None,None,None,None,1275839.8092
774,168,168,117,0,0,0,0,168,91404.0612
775,193,193,136,0,0,0,0,193,120994.89959999998
776,233,233,174,0,0,0,0,233,105723.13679999998
777,295,295,240,0,0,0,0,295,48702.17039999999
778,334,334,282,0,0,0,0,334,-168225.04680000007
779,362,362,309,0,0,0,0,362,-143662.67640000003
780,386,386,330,0,0,0,0,386,-78679.97880000006
781,435,435,364,0,0,0,0,435,-26927.220000000016
782,452,None,None,None,None,None,None,None,3702911.2632000037
783,443,None,None,None,None,None,None,None,3607094.7444
784,439,439,363,0,0,0,0,439,68512.1988
785,431,431,347,0,0,0,0,431,177144.67320000005
786,408,408,301,0,0,0,0,408,423094.26
787,373,None,None,None,None,None,None,None,3173883.5484000007
788,349,349,300,0,0,0,0,349,-67160.6244
789,298,298,259,0,0,0,0,298,-65107.17480000001
790,261,None,None,None,None,None,None,None,2258292.5483999993
791,223,223,101,0,0,0,0,223,1085302.1579999996
792,182,182,149,0,0,0,0,182,62960.47079999998
793,156,156,123,0,0,0,0,156,93544.512
794,140,140,111,0,0,0,0,140,90769.25399999999
795,113,113,86,0,0,0,0,113,119148.85080000001
796,87,87,63,0,0,0,0,87,119793.82920000001
797,77,77,51,0,0,0,0,77,173293.40160000004
798,63,63,41,0,0,0,0,63,158541.00239999997
799,53,53,34,0,0,0,0,53,151916.16
804,4,None,None,None,None,None,None,None,47481.536400000005
805,7,None,None,None,None,None,None,None,78278.12159999998
806,11,None,None,None,None,None,None,None,117370.3236
807,20,None,None,None,None,None,None,None,206901.31919999997
808,39,None,None,None,None,None,None,None,404169.7835999999
809,77,None,None,None,None,None,None,None,798180.8339999999
810,102,None,None,None,None,None,None,None,998924.3712
811,111,None,None,None,None,None,None,None,995465.7348000002
812,121,None,None,None,None,None,None,None,1001253.1392000003
813,140,None,None,None,None,None,None,None,1105758.9000000001
814,150,None,None,None,None,None,None,None,1101231.9864000003
815,167,None,None,None,None,None,None,None,1182987.2928
816,179,179,132,0,0,0,0,179,-10795.575599999998
817,203,203,156,0,0,0,0,203,-9319.438800000054
818,269,269,219,0,0,0,0,269,-33120.637199999976
819,319,319,267,0,0,0,0,319,-115203.22919999997
820,360,360,270,0,0,0,0,360,322465.88519999996
821,411,411,340,0,0,0,0,411,49519.07159999998
822,435,None,None,None,None,None,None,None,3768928.3248
823,432,None,None,None,None,None,None,None,3730652.713200002
824,424,424,351,0,0,0,0,424,122010.1452
825,411,411,332,0,0,0,0,411,201169.33439999993
826,394,394,340,0,0,0,0,394,-94899.44999999998
827,357,357,309,0,0,0,0,357,-76266.90480000002
828,314,None,None,None,None,None,None,None,2714138.2236000015
829,277,None,None,None,None,None,None,None,2328174.602400001
830,252,None,None,None,None,None,None,None,2159300.0988000003
831,221,None,None,None,None,None,None,None,1853206.2012000005
832,180,180,138,0,0,0,0,180,165390.7188
833,169,169,127,0,0,0,0,169,184643.742
834,151,151,112,0,0,0,0,151,206954.24039999998
835,121,121,88,0,0,0,0,121,186652.4508
836,105,105,73,0,0,0,0,105,174193.41000000003
837,89,89,62,0,0,0,0,89,150562.4628
838,69,69,45,0,0,0,0,69,167517.60359999994
839,51,51,35,0,0,0,0,51,105375.948
844,4,None,None,None,None,None,None,None,46189.0788
845,7,None,None,None,None,None,None,None,75959.7144
846,12,None,None,None,None,None,None,None,125692.50479999998
847,20,None,None,None,None,None,None,None,204685.16280000002
848,41,None,None,None,None,None,None,None,426709.7676
849,70,None,None,None,None,None,None,None,713517.9576000002
850,92,None,None,None,None,None,None,None,887349.6732000003
851,103,None,None,None,None,None,None,None,912802.1543999998
852,114,None,None,None,None,None,None,None,935172.6048
853,126,None,None,None,None,None,None,None,984604.7855999997
854,137,None,None,None,None,None,None,None,1042094.2104000002
855,148,None,None,None,None,None,None,None,1060676.9268000002
856,154,154,108,0,0,0,0,154,41695.80959999998
857,159,159,118,0,0,0,0,159,14891.360400000027
858,181,181,138,0,0,0,0,181,27668.168400000002
859,247,247,182,0,0,0,0,247,209141.92439999996
860,321,321,241,0,0,0,0,321,264477.9972
861,361,361,286,0,0,0,0,361,172075.5912
862,404,404,160,0,0,0,0,404,2146766.758799999
863,411,411,310,0,0,0,0,411,561541.5348
864,390,390,320,0,0,0,0,390,145324.01399999994
865,359,359,294,0,0,0,0,359,148775.96519999995
866,340,340,286,0,0,0,0,340,-12091.465199999971
867,325,325,271,0,0,0,0,325,26437.51800000004
868,291,None,None,None,None,None,None,None,2508439.179599996
869,253,253,197,0,0,0,0,253,108258.63959999994
870,228,228,175,0,0,0,0,228,187932.94199999995
871,207,207,151,0,0,0,0,207,233983.18080000003
872,194,194,143,0,0,0,0,194,235053.23640000005
873,172,172,125,0,0,0,0,172,242675.32559999998
874,147,147,104,0,0,0,0,147,239685.96479999996
875,137,137,96,0,0,0,0,137,229975.49879999988
876,121,121,81,0,0,0,0,121,231896.61359999995
877,98,98,66,0,0,0,0,98,197397.23279999997
878,85,85,58,0,0,0,0,85,173179.3656
879,65,65,45,0,0,0,0,65,131046.4956
884,5,None,None,None,None,None,None,None,57345.2964
885,9,None,None,None,None,None,None,None,98149.99919999999
886,12,None,None,None,None,None,None,None,122813.958
887,16,16,8,0,0,0,0,16,41541.804000000004
888,34,34,20,0,0,0,0,34,54418.81080000001
889,63,63,44,0,0,0,0,63,39345.615600000005
890,85,85,63,0,0,0,0,85,10068.436799999985
891,91,None,None,None,None,None,None,None,788074.6092
892,105,None,None,None,None,None,None,None,872510.8571999993
893,108,108,76,0,0,0,0,108,40529.955599999994
894,118,118,78,0,0,0,0,118,61147.9788
895,126,126,82,0,0,0,0,126,74205.79800000002
896,137,137,68,0,0,0,0,137,299965.22759999987
897,144,144,72,0,0,0,0,144,302603.6592
898,158,158,108,0,0,0,0,158,112884.11999999997
899,189,189,136,0,0,0,0,189,66608.63519999999
900,244,244,183,0,0,0,0,244,126317.2116
901,278,278,210,0,0,0,0,278,243285.91439999998
902,330,330,139,0,0,0,0,330,1713021.0395999998
903,325,325,245,0,0,0,0,325,389818.5708000001
904,329,329,257,0,0,0,0,329,238735.98719999995
905,324,324,253,0,0,0,0,324,250211.39759999994
906,315,315,248,0,0,0,0,315,252593.58719999995
907,292,292,229,0,0,0,0,292,225457.66679999992
908,253,253,193,0,0,0,0,253,227156.53800000003
909,229,229,167,0,0,0,0,229,261036.36719999995
910,199,199,150,0,0,0,0,199,149029.0212
911,198,198,145,0,0,0,0,198,213622.3164
912,186,186,129,0,0,0,0,186,303726.636
913,160,160,111,0,0,0,0,160,255566.7107999999
914,146,146,97,0,0,0,0,146,259457.36640000006
915,132,132,88,0,0,0,0,132,241560.7944
916,125,125,83,0,0,0,0,125,258595.79879999993
917,112,112,74,0,0,0,0,112,241089.77639999997
918,90,90,60,0,0,0,0,90,184828.206
919,69,69,48,0,0,0,0,69,122532.1008
924,5,None,None,None,None,None,None,None,56859.072
925,9,None,None,None,None,None,None,None,97008.12960000001
926,12,None,None,None,None,None,None,None,121588.422
927,16,16,8,0,0,0,0,16,40849.0128
928,31,31,16,0,0,0,0,31,79721.61479999998
929,58,58,39,0,0,0,0,58,58632.2652
930,79,79,58,0,0,0,0,79,20371.972799999996
931,88,88,64,0,0,0,0,88,13635.217199999997
932,89,89,69,0,0,0,0,89,-50064.859200000006
933,97,97,68,0,0,0,0,97,18609.912000000004
934,105,105,68,0,0,0,0,105,58551.04319999999
935,115,115,81,0,0,0,0,115,1728.5424000000148
936,118,118,84,0,0,0,0,118,18803.22479999999
937,129,129,66,0,0,0,0,129,237298.33439999996
938,144,144,103,0,0,0,0,144,41768.23920000001
939,165,165,123,0,0,0,0,165,17811.214800000012
940,188,188,136,0,0,0,0,188,83969.80319999997
941,213,213,144,0,0,0,0,213,258916.98719999997
942,234,234,164,0,0,0,0,234,300873.73559999996
943,270,270,206,0,0,0,0,270,238998.04920000004
944,283,283,219,0,0,0,0,283,217031.3976
945,284,284,214,0,0,0,0,284,258361.63079999993
946,286,286,218,0,0,0,0,286,253061.21639999995
947,266,266,201,0,0,0,0,266,302705.5224000001
948,217,217,160,0,0,0,0,217,194391.99839999995
949,201,201,145,0,0,0,0,201,206862.42839999992
950,195,195,115,0,0,0,0,195,464663.9052000001
951,179,179,129,0,0,0,0,179,212000.9844
952,157,157,107,0,0,0,0,157,248984.54400000002
953,153,153,101,0,0,0,0,153,250868.3532
954,144,144,94,0,0,0,0,144,273462.58440000005
955,132,132,86,0,0,0,0,132,264146.2092
956,120,None,None,None,None,None,None,None,1023737.1060000001
957,116,116,76,0,0,0,0,116,234251.1336
958,95,95,64,0,0,0,0,95,180108.0132
959,76,76,49,0,0,0,0,76,178723.80000000002
964,5,None,None,None,None,None,None,None,57005.861999999994
965,9,None,None,None,None,None,None,None,97062.1092
966,10,None,None,None,None,None,None,None,97716.3276
967,16,16,8,0,0,0,0,16,40309.323599999996
968,31,31,16,0,0,0,0,31,79919.61119999998
969,39,39,23,0,0,0,0,39,55645.40520000001
970,61,61,43,0,0,0,0,61,30288.510000000002
971,85,85,64,0,0,0,0,85,2415.707999999995
972,89,89,67,0,0,0,0,89,-15835.759199999995
973,90,90,68,0,0,0,0,90,-23911.56240000001
974,93,93,72,0,0,0,0,93,-41038.32000000001
975,102,102,76,0,0,0,0,102,-67662.9432
976,114,114,85,0,0,0,0,114,-37023.84000000002
977,123,123,88,0,0,0,0,123,32070.109200000006
978,144,144,99,0,0,0,0,144,78229.63799999999
979,156,156,109,0,0,0,0,156,83416.32119999999
980,167,167,120,0,0,0,0,167,96091.3404
981,185,185,130,0,0,0,0,185,150677.1168
982,198,198,136,0,0,0,0,198,253460.98799999992
983,213,213,115,0,0,0,0,213,600078.7836000003
984,224,224,123,0,0,0,0,224,646523.3507999998
985,252,252,182,0,0,0,0,252,372665.0028
986,256,256,188,0,0,0,0,256,362182.73880000005
987,231,231,150,0,0,0,0,231,464688.81599999993
988,200,200,144,0,0,0,0,200,206557.11480000004
989,186,186,127,0,0,0,0,186,242810.97719999994
990,173,173,123,0,0,0,0,173,163503.06600000002
991,161,161,101,0,0,0,0,161,303712.74360000005
992,152,152,101,0,0,0,0,152,228973.60439999998
993,142,142,99,0,0,0,0,142,194783.16960000002
994,134,134,90,0,0,0,0,134,222337.66319999998
995,130,130,83,0,0,0,0,130,277888.86720000004
996,110,110,73,0,0,0,0,110,207724.06440000003
997,106,106,71,0,0,0,0,106,178950.00119999994
998,91,91,58,0,0,0,0,91,188814.39360000007
999,74,74,47,0,0,0,0,74,166173.79679999998
1004,5,None,None,None,None,None,None,None,57781.504799999995
1005,7,None,None,None,None,None,None,None,74251.34159999999
1006,10,None,None,None,None,None,None,None,99270.27360000001
1007,18,18,9,0,0,0,0,18,49424.6568
1008,27,27,14,0,0,0,0,27,65877.894
1009,35,35,19,0,0,0,0,35,64342.0212
1010,49,49,32,0,0,0,0,49,46504.317599999995
1011,67,67,48,0,0,0,0,67,14515.246799999997
1012,84,84,63,0,0,0,0,84,-3001.782
1013,92,92,70,0,0,0,0,92,-26238.858000000015
1014,96,96,71,0,0,0,0,96,-38911.78200000003
1015,95,95,69,0,0,0,0,95,-45070.240800000014
1016,100,100,70,0,0,0,0,100,-10154.985599999975
1017,121,121,83,0,0,0,0,121,44665.70999999999
1018,126,126,87,0,0,0,0,126,65928.0876
1019,148,148,106,0,0,0,0,148,69529.24679999998
1020,162,162,115,0,0,0,0,162,98668.4256
1021,170,170,125,0,0,0,0,170,88152.64919999999
1022,183,183,132,0,0,0,0,183,160530.47879999998
1023,189,189,132,0,0,0,0,189,203270.96519999998
1024,194,194,134,0,0,0,0,194,257317.91039999988
1025,211,211,146,0,0,0,0,211,292310.3196
1026,210,210,146,0,0,0,0,210,267346.71599999996
1027,176,176,112,0,0,0,0,176,312419.0171999999
1028,165,165,115,0,0,0,0,165,160583.2596
1029,155,155,107,0,0,0,0,155,149620.1484
1030,150,150,103,0,0,0,0,150,157498.94999999995
1031,150,150,97,0,0,0,0,150,229901.56200000006
1032,151,151,100,0,0,0,0,151,213039.2376
1033,142,142,98,0,0,0,0,142,177917.89559999996
1034,130,130,75,0,0,0,0,130,322691.7996
1035,120,120,65,0,0,0,0,120,354113.85000000015
1036,102,102,68,0,0,0,0,102,170971.89479999998
1037,93,93,62,0,0,0,0,93,145747.30439999996
1038,90,90,57,0,0,0,0,90,190536.39119999998
1039,78,78,49,0,0,0,0,78,169101.67800000004
1044,2,None,None,None,None,None,None,None,22399.1988
1045,7,None,None,None,None,None,None,None,75896.79000000001
1046,10,None,None,None,None,None,None,None,102224.2836
1047,16,16,8,0,0,0,0,16,43476.7884
1048,24,24,12,0,0,0,0,24,65101.4328
1049,34,34,18,0,0,0,0,34,73135.79879999999
1050,38,38,22,0,0,0,0,38,49648.7772
1051,49,49,32,0,0,0,0,49,35842.8756
1052,70,70,50,0,0,0,0,70,16040.756399999991
1053,83,83,59,0,0,0,0,83,10749.568799999994
1054,90,90,65,0,0,0,0,90,-17265.278400000007
1055,88,88,64,0,0,0,0,88,-19731.000000000007
1056,94,94,64,0,0,0,0,94,24706.4988
1057,102,102,69,0,0,0,0,102,62467.191599999984
1058,115,115,82,0,0,0,0,115,47464.03559999999
1059,138,138,100,0,0,0,0,138,49093.31039999998
1060,149,149,106,0,0,0,0,149,88296.80519999997
1061,164,164,121,0,0,0,0,164,79664.3868
1062,174,174,126,0,0,0,0,174,146593.37639999998
1063,181,181,132,0,0,0,0,181,156641.21279999998
1064,183,183,131,0,0,0,0,183,194139.88919999995
1065,179,179,123,0,0,0,0,179,249070.22999999998
1066,179,179,125,0,0,0,0,179,206761.03439999997
1067,147,147,102,0,0,0,0,147,158465.316
1068,143,143,97,0,0,0,0,143,155049.684
1069,141,141,96,0,0,0,0,141,163801.88160000002
1070,149,149,89,0,0,0,0,149,292813.0008
1071,146,146,87,0,0,0,0,146,279895.41719999997
1072,138,138,94,0,0,0,0,138,160214.7168
1073,132,None,None,None,None,None,None,None,884684.2787999994
1074,122,122,82,0,0,0,0,122,143211.38039999994
1075,111,111,72,0,0,0,0,111,163445.5956
1076,95,None,None,None,None,None,None,None,676752.9648000004
1077,92,92,60,0,0,0,0,92,141205.09560000003
1078,88,88,56,0,0,0,0,88,173249.5344
1079,74,74,46,0,0,0,0,74,160026.57600000003
1084,2,None,None,None,None,None,None,None,23080.548
1085,7,None,None,None,None,None,None,None,78411.4908
1086,9,None,None,None,None,None,None,None,94125.93719999999
1087,14,None,None,None,None,None,None,None,142561.36320000002
1088,20,20,10,0,0,0,0,20,53183.5812
1089,32,32,17,0,0,0,0,32,72411.3024
1090,35,35,19,0,0,0,0,35,60873.86519999999
1091,38,38,22,0,0,0,0,38,42732.096000000005
1092,53,53,33,0,0,0,0,53,45738.75239999999
1093,72,72,48,0,0,0,0,72,42850.30319999999
1094,82,82,58,0,0,0,0,82,16662.913199999995
1095,94,94,71,0,0,0,0,94,-34323.12719999998
1096,94,94,71,0,0,0,0,94,-27883.1616
1097,103,103,77,0,0,0,0,103,-6207.740400000008
1098,108,108,80,0,0,0,0,108,7891.895999999993
1099,132,132,93,0,0,0,0,132,86466.97079999998
1100,141,141,98,0,0,0,0,141,125623.84199999999
1101,153,153,110,0,0,0,0,153,122025.62520000001
1102,168,168,122,0,0,0,0,168,152871.03240000005
1103,165,165,119,0,0,0,0,165,154402.19640000002
1104,169,169,116,0,0,0,0,169,239480.05319999997
1105,150,150,100,0,0,0,0,150,222953.87639999998
1106,143,143,99,0,0,0,0,143,165794.22839999996
1107,130,130,88,0,0,0,0,130,140138.49
1108,123,123,86,0,0,0,0,123,109369.25039999999
1109,134,134,92,0,0,0,0,134,138479.03879999998
1110,123,123,86,0,0,0,0,123,109865.8296
1111,130,130,89,0,0,0,0,130,114726.1128
1112,131,131,89,0,0,0,0,131,110211.22920000005
1113,119,119,78,0,0,0,0,119,138280.5348
1114,114,114,71,0,0,0,0,114,159861.36119999996
1115,109,109,69,0,0,0,0,109,144183.3612
1116,103,103,65,0,0,0,0,103,163502.55359999996
1117,92,92,60,0,0,0,0,92,138047.88
1118,84,84,53,0,0,0,0,84,165395.1888
1119,70,70,44,0,0,0,0,70,147442.0044
1124,1,None,None,None,None,None,None,None,11969.0988
1125,5,None,None,None,None,None,None,None,56971.7448
1126,7,None,None,None,None,None,None,None,74179.59360000001
1127,12,None,None,None,None,None,None,None,124862.6316
1128,14,None,None,None,None,None,None,None,134373.19439999998
1129,29,29,15,0,0,0,0,29,76587.78719999999
1130,34,34,18,0,0,0,0,34,74893.9704
1131,35,35,18,0,0,0,0,35,70959.3816
1132,38,38,21,0,0,0,0,38,54414.317999999985
1133,51,51,33,0,0,0,0,51,21050.102399999996
1134,69,69,47,0,0,0,0,69,17705.635199999993
1135,85,85,63,0,0,0,0,85,-5123.913599999987
1136,89,89,66,0,0,0,0,89,-3681.42480000001
1137,96,96,70,0,0,0,0,96,21923.6844
1138,106,106,78,0,0,0,0,106,31898.0208
1139,119,119,88,0,0,0,0,119,39711.38399999999
1140,130,130,90,0,0,0,0,130,133999.7436
1141,141,None,None,None,None,None,None,None,1276845.0971999997
1142,141,None,None,None,None,None,None,None,1255435.2383999992
1143,148,None,None,None,None,None,None,None,1307864.3543999998
1144,138,None,None,None,None,None,None,None,1185746.9988
1145,119,119,81,0,0,0,0,119,150086.32559999998
1146,126,126,82,0,0,0,0,126,210611.70719999998
1147,118,118,81,0,0,0,0,118,133636.34759999998
1148,114,114,71,0,0,0,0,114,185033.62799999994
1149,119,119,82,0,0,0,0,119,122952.1236
1150,120,120,72,0,0,0,0,120,205162.01520000002
1151,113,113,78,0,0,0,0,113,101171.0064
1152,107,107,72,0,0,0,0,107,112394.87159999997
1153,107,107,69,0,0,0,0,107,136337.84399999998
1154,103,103,65,0,0,0,0,103,138634.6608
1155,103,103,64,0,0,0,0,103,151309.2024
1156,98,98,63,0,0,0,0,98,143112.69600000003
1157,88,None,None,None,None,None,None,None,637852.8239999999
1158,80,80,50,0,0,0,0,80,163586.5728
1159,68,68,42,0,0,0,0,68,144668.2248
1165,2,None,None,None,None,None,None,None,23004.9804
1166,5,None,None,None,None,None,None,None,54306.437999999995
1167,9,None,None,None,None,None,None,None,95443.4784
1168,14,None,None,None,None,None,None,None,143203.3032
1169,18,None,None,None,None,None,None,None,177016.8204
1170,31,31,15,0,0,0,0,31,97241.77440000001
1171,34,34,17,0,0,0,0,34,88212.38759999999
1172,35,35,18,0,0,0,0,35,72094.2984
1173,37,37,19,0,0,0,0,37,66496.27439999998
1174,46,46,27,0,0,0,0,46,48182.09879999999
1175,59,59,38,0,0,0,0,59,36390.8052
1176,74,74,52,0,0,0,0,74,28652.8716
1177,84,84,59,0,0,0,0,84,51041.770799999984
1178,96,96,68,0,0,0,0,96,56967.8976
1179,105,105,76,0,0,0,0,105,58022.808000000005
1180,111,111,78,0,0,0,0,111,97204.76040000001
1181,115,None,None,None,None,None,None,None,1059743.0268000003
1182,114,None,None,None,None,None,None,None,1019944.1436
1183,121,None,None,None,None,None,None,None,1107541.0691999993
1184,117,117,79,0,0,0,0,117,172708.16640000002
1185,109,109,72,0,0,0,0,109,168450.63
1186,107,107,73,0,0,0,0,107,145181.6736
1187,114,114,78,0,0,0,0,114,127083.78479999996
1188,118,118,81,0,0,0,0,118,129037.58280000002
1189,114,114,69,0,0,0,0,114,211129.76399999994
1190,114,114,78,0,0,0,0,114,119316.75600000002
1191,108,108,63,0,0,0,0,108,220630.20239999995
1192,97,97,64,0,0,0,0,97,133093.86
1193,99,99,64,0,0,0,0,99,130569.76799999998
1194,99,99,64,0,0,0,0,99,134785.00319999998
1195,101,101,61,0,0,0,0,101,170532.16679999995
1196,96,96,60,0,0,0,0,96,162835.85280000002
1197,88,88,57,0,0,0,0,88,145862.83680000002
1198,76,76,46,0,0,0,0,76,171371.24039999995
1199,62,62,36,0,0,0,0,62,158209.89839999998
1206,5,None,None,None,None,None,None,None,57662.69640000001
1207,5,None,None,None,None,None,None,None,52904.672399999996
1208,11,None,None,None,None,None,None,None,116808.06360000002
1209,14,None,None,None,None,None,None,None,141076.224
1210,19,None,None,None,None,None,None,None,188149.836
1211,31,31,15,0,0,0,0,31,97988.0748
1212,32,32,16,0,0,0,0,32,83420.02919999999
1213,34,34,17,0,0,0,0,34,78771.32759999999
1214,35,35,18,0,0,0,0,35,67903.6728
1215,47,47,26,0,0,0,0,47,85321.4484
1216,54,54,34,0,0,0,0,54,59069.594399999994
1217,68,68,45,0,0,0,0,68,64331.27879999999
1218,75,75,49,0,0,0,0,75,92203.2696
1219,81,81,55,0,0,0,0,81,78847.47
1220,88,None,None,None,None,None,None,None,832997.7948000001
1221,90,None,None,None,None,None,None,None,832981.992
1222,90,None,None,None,None,None,None,None,803274.8435999996
1223,87,None,None,None,None,None,None,None,773476.9392000001
1224,103,103,67,0,0,0,0,103,194628.5652
1225,102,102,67,0,0,0,0,102,176282.2908
1226,94,94,66,0,0,0,0,94,93387.67319999999
1227,102,102,69,0,0,0,0,102,121467.22799999997
1228,115,115,76,0,0,0,0,115,148289.3172
1229,115,115,75,0,0,0,0,115,164456.7408
1230,115,None,None,None,None,None,None,None,799863.7188
1231,111,111,74,0,0,0,0,111,121113.39240000001
1232,101,101,65,0,0,0,0,101,145167.97079999998
1233,101,101,64,0,0,0,0,101,158112.81119999997
1234,97,97,63,0,0,0,0,97,144407.8068
1235,99,99,60,0,0,0,0,99,181966.36560000005
1236,92,92,56,0,0,0,0,92,177602.41319999995
1237,85,85,53,0,0,0,0,85,174020.3952
1238,64,64,36,0,0,0,0,64,171883.64040000003
1239,63,63,36,0,0,0,0,63,168377.9748
1247,5,None,None,None,None,None,None,None,56980.3632
1248,7,None,None,None,None,None,None,None,75719.5056
1249,11,None,None,None,None,None,None,None,116114.56320000002
1250,15,None,None,None,None,None,None,None,154776.16439999998
1251,21,None,None,None,None,None,None,None,215308.60560000004
1252,27,27,13,0,0,0,0,27,82949.9208
1253,32,32,16,0,0,0,0,32,88052.06999999998
1254,32,32,16,0,0,0,0,32,81883.9956
1255,38,38,20,0,0,0,0,38,98848.61039999999
1256,44,44,25,0,0,0,0,44,91030.4244
1257,50,50,30,0,0,0,0,50,88586.946
1258,60,60,37,0,0,0,0,60,110202.19200000001
1259,62,62,39,0,0,0,0,62,101535.20519999998
1260,71,None,None,None,None,None,None,None,696214.9344
1261,75,None,None,None,None,None,None,None,717707.0339999999
1262,77,None,None,None,None,None,None,None,709274.6915999999
1263,73,None,None,None,None,None,None,None,663743.6807999999
1264,84,84,53,0,0,0,0,84,175738.95239999998
1265,88,88,58,0,0,0,0,88,141201.0852
1266,91,91,59,0,0,0,0,91,136292.11440000005
1267,93,93,61,0,0,0,0,93,135098.74800000002
1268,106,106,69,0,0,0,0,106,162761.808
1269,118,118,75,0,0,0,0,118,196895.00040000002
1270,120,None,None,None,None,None,None,None,868029.9636000001
1271,108,None,None,None,None,None,None,None,760514.8667999997
1272,106,106,67,0,0,0,0,106,175164.29039999994
1273,109,109,69,0,0,0,0,109,176613.03960000005
1274,99,None,None,None,None,None,None,None,728545.4208
1275,96,None,None,None,None,None,None,None,712745.4456
1276,86,None,None,None,None,None,None,None,674251.3859999996
1277,76,76,44,0,0,0,0,76,190288.89119999998
1278,62,62,34,0,0,0,0,62,191168.1672
1279,60,60,34,0,0,0,0,60,164515.18560000003
1288,7,None,None,None,None,None,None,None,81515.484
1289,7,None,None,None,None,None,None,None,76038.558
1290,9,None,None,None,None,None,None,None,93594.51719999999
1291,12,None,None,None,None,None,None,None,123522.39120000001
1292,17,None,None,None,None,None,None,None,175503.4332
1293,21,21,10,0,0,0,0,21,65056.120800000004
1294,23,23,12,0,0,0,0,23,58750.7688
1295,31,31,16,0,0,0,0,31,95443.6788
1296,31,31,16,0,0,0,0,31,93386.76719999999
1297,36,36,21,0,0,0,0,36,75488.70719999999
1298,41,41,24,0,0,0,0,41,96066.59759999998
1299,44,None,None,None,None,None,None,None,435300.8664
1300,48,None,None,None,None,None,None,None,468161.0760000001
1301,53,None,None,None,None,None,None,None,505906.7207999999
1302,58,None,None,None,None,None,None,None,535213.2971999999
1303,68,None,None,None,None,None,None,None,621623.214
1304,72,None,None,None,None,None,None,None,648630.5987999999
1305,74,None,None,None,None,None,None,None,608966.2272
1306,83,83,52,0,0,0,0,83,163223.31840000002
1307,89,89,56,0,0,0,0,89,166586.72879999998
1308,96,96,60,0,0,0,0,96,182538.31440000003
1309,106,106,65,0,0,0,0,106,220180.87800000003
1310,108,None,None,None,None,None,None,None,821839.8756
1311,110,None,None,None,None,None,None,None,821997.2987999998
1312,104,104,65,0,0,0,0,104,200929.96680000005
1313,104,None,None,None,None,None,None,None,810605.7756
1314,101,None,None,None,None,None,None,None,778912.7244
1315,99,None,None,None,None,None,None,None,769261.6704000003
1316,82,None,None,None,None,None,None,None,637892.4756
1317,70,70,39,0,0,0,0,70,201443.86680000008
1318,61,61,35,0,0,0,0,61,165854.92799999996
