centroid,nb_destinations,trajets,trajets_ok,nb_station_DRT,DRT,DRT_ok,WALK_to_station_DRT,WALK,inaccessibilite
0,16,14,0,0,0,0,0,14,145302.2196
1,27,22,0,0,0,0,0,22,244999.16880000004
2,37,30,0,0,0,0,0,30,329627.17079999996
3,47,37,6,0,0,0,0,37,393695.6171999999
4,55,45,6,0,0,0,0,45,442849.09200000006
5,70,59,7,0,0,0,0,59,574993.1064
6,75,64,6,0,0,0,0,64,590021.7311999999
7,85,74,6,0,0,0,0,74,633050.9387999999
8,94,80,0,0,0,0,0,80,648950.0231999998
9,102,1,0,0,0,0,0,1,688983.7739999995
10,107,None,None,None,None,None,None,None,721314.7643999999
11,109,92,4,0,0,0,0,92,738160.9739999997
12,115,101,7,0,0,0,0,101,800406.0708000001
13,117,103,5,0,0,0,0,103,877897.7171999998
14,129,115,6,0,0,0,0,115,1061227.5132000002
15,150,136,12,0,0,0,0,136,1274323.8288000003
16,156,143,23,0,0,0,0,143,1290348.8291999998
17,157,144,31,0,0,0,0,144,1295114.3315999997
18,151,142,27,0,0,0,0,142,1252676.0616000001
19,154,148,32,0,0,0,0,148,1286711.2032
20,137,134,25,0,0,0,0,134,1203002.0063999994
21,131,130,28,0,0,0,0,130,1167065.4948
22,129,128,29,0,0,0,0,128,1190507.0015999998
23,117,116,31,0,0,0,0,116,1100446.6775999996
24,98,97,3,0,0,0,0,97,991668.1836000003
25,92,92,4,0,0,0,0,92,970870.2024
26,56,None,None,None,None,None,None,None,595193.9568000002
27,35,None,None,None,None,None,None,None,377291.1647999999
28,20,None,None,None,None,None,None,None,220738.77239999996
29,8,None,None,None,None,None,None,None,91918.6572
40,18,15,0,0,0,0,0,15,164446.4892
41,30,24,0,0,0,0,0,24,280990.0296
42,43,34,0,0,0,0,0,34,385820.9712
43,49,39,6,0,0,0,0,39,396980.71079999994
44,59,49,8,0,0,0,0,49,485056.5744
45,71,60,7,0,0,0,0,60,578530.0427999999
46,80,69,7,0,0,0,0,69,636773.8439999997
47,82,72,6,0,0,0,0,72,625550.6820000001
48,93,75,0,0,0,0,0,75,690421.3524000002
49,99,None,None,None,None,None,None,None,664830.912
50,115,95,0,0,0,0,0,95,752953.2527999996
51,117,97,0,0,0,0,0,97,771701.3963999997
52,123,108,5,0,0,0,0,108,833655.0288000002
53,132,118,6,0,0,0,0,118,999429.1416000001
54,145,131,11,0,0,0,0,131,1133606.4492
55,161,147,16,0,0,0,0,147,1301258.6244
56,175,160,22,0,0,0,0,160,1428746.4072
57,190,172,33,0,0,0,0,172,1522249.5072000008
58,196,179,36,0,0,0,0,179,1614822.5651999998
59,196,182,40,0,0,0,0,182,1646207.2500000005
60,185,177,0,0,0,0,0,177,1688213.4563999998
61,163,158,27,0,0,0,0,158,1417477.2935999995
62,163,158,32,0,0,0,0,158,1471301.8967999995
63,152,148,3,0,0,0,0,148,1462205.8776
64,126,122,3,0,0,0,0,122,1212540.4356000004
65,120,118,3,0,0,0,0,118,1208083.6932
66,107,106,3,0,0,0,0,106,1129606.8755999997
67,73,None,None,None,None,None,None,None,787283.7768
68,43,None,None,None,None,None,None,None,471533.94720000005
69,24,None,None,None,None,None,None,None,273795.30240000004
70,6,None,None,None,None,None,None,None,71168.7588
80,20,17,0,0,0,0,0,17,185415.20880000002
81,34,27,0,0,0,0,0,27,322392.5580000001
82,43,34,0,0,0,0,0,34,375692.88959999994
83,50,40,6,0,0,0,0,40,394948.8324000002
84,62,52,6,0,0,0,0,52,503801.72760000016
85,78,67,7,0,0,0,0,67,638411.6243999999
86,83,72,7,0,0,0,0,72,655156.0596
87,84,71,5,0,0,0,0,71,632554.3812000001
88,95,81,4,0,0,0,0,81,659323.4903999998
89,94,83,5,0,0,0,0,83,652012.14
90,105,90,0,0,0,0,0,90,721352.4744000001
91,119,18,0,0,0,0,0,18,794773.6200000001
92,132,115,0,0,0,0,0,115,920481.7476000008
93,151,135,22,0,0,0,0,135,1083731.2727999997
94,168,151,28,0,0,0,0,151,1239125.8739999998
95,184,None,None,None,None,None,None,None,1475056.0548000003
96,206,184,4,0,0,0,0,184,1679365.9643999995
97,220,200,47,0,0,0,0,200,1653849.8160000003
98,222,202,49,0,0,0,0,202,1721369.4371999996
99,239,218,55,0,0,0,0,218,1921966.0920000002
100,246,230,53,0,0,0,0,230,2049188.0724000002
101,240,230,61,0,0,0,0,230,1982008.9199999995
102,229,220,1,0,0,0,0,220,2137059.0756000006
103,217,209,3,0,0,0,0,209,2063335.1279999998
104,192,185,3,0,0,0,0,185,1842603.006
105,177,173,4,0,0,0,0,173,1746198.6143999994
106,156,153,4,0,0,0,0,153,1600399.5803999996
107,122,None,None,None,None,None,None,None,1292244.3407999997
108,79,None,None,None,None,None,None,None,852633.2628
109,47,None,None,None,None,None,None,None,523539.19559999986
110,22,None,None,None,None,None,None,None,256817.84759999998
120,20,17,0,0,0,0,0,17,185163.4476
121,35,28,0,0,0,0,0,28,323451.8927999999
122,45,1,0,0,0,0,0,1,396598.1172
123,51,1,0,0,0,0,0,1,416154.2159999999
124,72,62,7,0,0,0,0,62,586866.5352
125,85,74,6,0,0,0,0,74,690664.0884000004
126,88,74,0,0,0,0,0,74,691438.7699999999
127,87,73,3,0,0,0,0,73,633613.2972000001
128,98,85,5,0,0,0,0,85,682843.0608000001
129,99,89,7,0,0,0,0,89,728471.7684
130,110,100,9,0,0,0,0,100,768664.3991999996
131,115,105,10,0,0,0,0,105,739430.7264
132,143,18,0,0,0,0,0,18,994640.2680000002
133,171,154,26,0,0,0,0,154,1174619.5632
134,188,168,47,0,0,0,0,168,1241330.4119999993
135,216,190,0,0,0,0,0,190,1695588.8940000008
136,244,216,0,0,0,0,0,216,1921073.5523999997
137,265,239,46,0,0,0,0,239,2000783.0339999988
138,292,264,11,0,0,0,0,264,2509099.8888000017
139,315,290,69,0,0,0,0,290,2518730.338800002
140,306,283,79,0,0,0,0,283,2424764.6652
141,299,273,74,0,0,0,0,273,2413547.49
142,278,256,11,0,0,0,0,256,2433035.7204000005
143,272,250,3,0,0,0,0,250,2479527.4272000007
144,251,230,3,0,0,0,0,230,2323192.963200001
145,235,219,48,0,0,0,0,219,2178609.2304
146,222,207,1,0,0,0,0,207,2220538.0548
147,181,176,0,0,0,0,0,176,1864625.2164000005
148,133,None,None,None,None,None,None,None,1410785.106
149,82,None,None,None,None,None,None,None,894874.0127999998
150,46,None,None,None,None,None,None,None,521955.9395999999
151,2,None,None,None,None,None,None,None,23975.576399999998
160,21,18,0,0,0,0,0,18,190980.44040000002
161,34,None,None,None,None,None,None,None,325859.5092
162,44,None,None,None,None,None,None,None,398894.4816000001
163,50,None,None,None,None,None,None,None,417852.1079999999
164,72,1,0,0,0,0,0,1,604827.7728
165,92,79,0,0,0,0,0,79,756379.0848
166,95,80,0,0,0,0,0,80,703800.8772000001
167,94,79,0,0,0,0,0,79,646525.974
168,106,93,2,0,0,0,0,93,770396.5212000002
169,112,100,0,0,0,0,0,100,808745.5164000004
170,112,103,9,0,0,0,0,103,782452.6488000001
171,126,115,9,0,0,0,0,115,850928.3376000001
172,156,14,0,0,0,0,0,14,1135620.4967999996
173,184,164,9,0,0,0,0,164,1313009.7047999997
174,220,195,11,0,0,0,0,195,1662666.333599999
175,256,227,0,0,0,0,0,227,2017063.6716000005
176,285,253,0,0,0,0,0,253,2309330.6123999995
177,314,282,0,0,0,0,0,282,2604054.103199998
178,327,300,15,0,0,0,0,300,2714214.0984000005
179,353,317,77,0,0,0,0,317,2703583.2756
180,347,310,91,0,0,0,0,310,2636102.596800001
181,337,301,88,0,0,0,0,301,2584302.3888000003
182,321,289,10,0,0,0,0,289,2698810.8420000016
183,318,288,91,0,0,0,0,288,2468991.314399999
184,299,271,45,0,0,0,0,271,2568545.2452000002
185,280,255,51,0,0,0,0,255,2468647.7759999987
186,268,244,63,0,0,0,0,244,2463716.1432000007
187,248,226,2,0,0,0,0,226,2467214.5884000007
188,220,None,None,None,None,None,None,None,2303587.9608
189,158,None,None,None,None,None,None,None,1717664.0604
190,77,None,None,None,None,None,None,None,854035.4759999999
191,42,None,None,None,None,None,None,None,489337.9932
200,19,1,0,0,0,0,0,1,173737.374
201,36,None,None,None,None,None,None,None,360291.3912
202,44,None,None,None,None,None,None,None,410732.51279999997
203,55,None,None,None,None,None,None,None,488663.88
204,70,None,None,None,None,None,None,None,601496.4815999999
205,94,1,0,0,0,0,0,1,794189.5932
206,98,82,0,0,0,0,0,82,745904.6616000002
207,104,87,3,0,0,0,0,87,722177.7827999997
208,120,None,None,None,None,None,None,None,834755.7324000006
209,127,None,None,None,None,None,None,None,874022.448
210,124,112,0,0,0,0,0,112,863876.4552000002
211,136,123,10,0,0,0,0,123,931459.7627999999
212,172,154,11,0,0,0,0,154,1250222.2079999996
213,217,186,0,0,0,0,0,186,1677527.7084000001
214,252,226,12,0,0,0,0,226,1914267.4248000006
215,282,255,13,0,0,0,0,255,2170226.0304
216,321,292,12,0,0,0,0,292,2557167.3144000014
217,344,314,96,0,0,0,0,314,2365223.6747999997
218,363,325,15,0,0,0,0,325,2911869.5388000016
219,387,343,16,0,0,0,0,343,3158139.6660000007
220,389,295,0,0,0,0,0,295,3233022.746400002
221,366,327,98,0,0,0,0,327,2660581.1327999984
222,350,312,101,0,0,0,0,312,2525958.6420000005
223,340,307,100,0,0,0,0,307,2446089.7823999985
224,333,302,31,0,0,0,0,302,2692394.9807999996
225,325,294,33,0,0,0,0,294,2747422.195199999
226,306,278,36,0,0,0,0,278,2691616.7064
227,294,265,0,0,0,0,0,265,2777007.0191999986
228,272,247,0,0,0,0,0,247,2718505.8479999984
229,249,None,None,None,None,None,None,None,2651173.1879999996
230,174,None,None,None,None,None,None,None,1936219.5179999995
231,63,None,None,None,None,None,None,None,710990.5715999999
232,20,None,None,None,None,None,None,None,236869.8264
240,19,1,0,0,0,0,0,1,183073.6584
241,27,None,None,None,None,None,None,None,265820.6412
242,44,None,None,None,None,None,None,None,428579.43119999993
243,59,None,None,None,None,None,None,None,553693.8108000001
244,70,None,None,None,None,None,None,None,620001.8976000003
245,90,1,0,0,0,0,0,1,771463.7711999998
246,98,82,0,0,0,0,0,82,776247.2172000001
247,110,None,None,None,None,None,None,None,825637.3176
248,124,None,None,None,None,None,None,None,890978.8691999997
249,137,None,None,None,None,None,None,None,962360.6039999999
250,142,18,0,0,0,0,0,18,980623.9044000002
251,158,139,11,0,0,0,0,139,1115311.3247999996
252,207,182,14,0,0,0,0,182,1565735.3543999998
253,242,214,13,0,0,0,0,214,1900871.6292
254,272,238,0,0,0,0,0,238,2148196.1267999993
255,324,290,0,0,0,0,0,290,2592215.239199999
256,357,321,0,0,0,0,0,321,2868157.2456000024
257,380,337,14,0,0,0,0,337,3012715.3319999995
258,400,353,115,0,0,0,0,353,2726991.4655999993
259,401,354,16,0,0,0,0,354,3087795.6780000017
260,380,287,0,0,0,0,0,287,2974052.1048
261,378,337,152,0,0,0,0,337,2488141.637999999
262,379,336,149,0,0,0,0,336,2542376.2836
263,355,315,140,0,0,0,0,315,2344040.3628
264,351,316,71,0,0,0,0,316,2472114.421200002
265,344,311,15,0,0,0,0,311,2688673.6056000018
266,332,299,15,0,0,0,0,299,2742182.128800001
267,311,282,18,0,0,0,0,282,2700506.6543999985
268,300,270,0,0,0,0,0,270,2816606.7383999997
269,283,None,None,None,None,None,None,None,2851277.180400002
270,254,None,None,None,None,None,None,None,2739239.9183999994
271,151,None,None,None,None,None,None,None,1693470.121199999
272,65,None,None,None,None,None,None,None,752838.2555999997
273,4,None,None,None,None,None,None,None,47573.1144
280,17,1,0,0,0,0,0,1,170688.4836
281,25,1,0,0,0,0,0,1,247256.05559999996
282,45,None,None,None,None,None,None,None,463516.05600000004
283,59,None,None,None,None,None,None,None,577178.1264000001
284,69,1,0,0,0,0,0,1,624021.7644000002
285,83,1,0,0,0,0,0,1,719228.9232000001
286,98,82,0,0,0,0,0,82,817195.7231999997
287,114,None,None,None,None,None,None,None,915486.4199999999
288,123,None,None,None,None,None,None,None,921850.2060000004
289,136,22,0,0,0,0,0,22,974603.3556
290,155,21,0,0,0,0,0,21,1118303.9532000003
291,182,156,13,0,0,0,0,156,1435532.077199999
292,225,196,15,0,0,0,0,196,1827837.8603999997
293,252,225,14,0,0,0,0,225,2056176.5532000007
294,301,271,12,0,0,0,0,271,2406018.662399999
295,343,None,None,None,None,None,None,None,2740174.257599998
296,388,334,0,0,0,0,0,334,3097209.806399999
297,404,337,0,0,0,0,0,337,3211602.418799997
298,411,360,117,0,0,0,0,360,2716487.974799998
299,406,354,117,0,0,0,0,354,2684910.9119999986
300,395,346,152,0,0,0,0,346,2587588.2972000013
301,380,333,160,0,0,0,0,333,2301731.8115999983
302,377,330,123,0,0,0,0,330,2480206.1171999983
303,380,336,8,0,0,0,0,336,2616246.852000002
304,366,324,3,0,0,0,0,324,2481095.7060000002
305,361,323,59,0,0,0,0,323,2517400.2396000004
306,345,309,5,0,0,0,0,309,2623819.5948000005
307,330,298,11,0,0,0,0,298,2683461.8483999968
308,318,289,15,0,0,0,0,289,2789775.824400001
309,302,274,1,0,0,0,0,274,2868406.819199998
310,284,None,None,None,None,None,None,None,2917518.2015999993
311,227,None,None,None,None,None,None,None,2472126.687599999
312,113,None,None,None,None,None,None,None,1266497.4480000003
313,40,None,None,None,None,None,None,None,460289.27640000003
314,12,None,None,None,None,None,None,None,140640.198
320,13,1,0,0,0,0,0,1,133870.80599999998
321,21,1,0,0,0,0,0,1,215803.51919999992
322,36,1,0,0,0,0,0,1,371685.3444
323,60,1,0,0,0,0,0,1,610512.4223999999
324,69,1,0,0,0,0,0,1,657055.2264000003
325,77,1,0,0,0,0,0,1,684589.9488
326,90,74,0,0,0,0,0,74,766077.6252000001
327,115,32,0,0,0,0,0,32,980098.9752
328,125,32,0,0,0,0,0,32,1001044.8431999998
329,141,32,0,0,0,0,0,32,1089122.07
330,160,30,0,0,0,0,0,30,1239113.5908000006
331,193,165,2,0,0,0,0,165,1575470.7204
332,233,206,5,0,0,0,0,206,2020288.1544000013
333,262,236,14,0,0,0,0,236,2168200.8384000002
334,315,286,12,0,0,0,0,286,2597090.684399999
335,376,328,0,0,0,0,0,328,3129904.1196000003
336,407,349,0,0,0,0,0,349,3295058.6616
337,422,363,0,0,0,0,0,363,3249257.3327999976
338,420,366,12,0,0,0,0,366,3045687.653999999
339,420,365,119,0,0,0,0,365,2680928.813999999
340,408,353,151,0,0,0,0,353,2489639.7107999995
341,379,327,122,0,0,0,0,327,2262837.678000001
342,359,309,80,0,0,0,0,309,2289859.8564000004
343,368,322,70,0,0,0,0,322,2226783.5207999996
344,365,323,47,0,0,0,0,323,2316587.1587999966
345,376,335,47,0,0,0,0,335,2432142.066
346,370,329,42,0,0,0,0,329,2616302.7984000025
347,348,311,43,0,0,0,0,311,2622614.4060000004
348,331,299,6,0,0,0,0,299,2731081.8336
349,319,290,17,0,0,0,0,290,2858967.861599999
350,305,None,None,None,None,None,None,None,2987629.566000001
351,255,None,None,None,None,None,None,None,2653010.976
352,193,None,None,None,None,None,None,None,2122115.7456000005
353,89,None,None,None,None,None,None,None,1000452.8952
354,33,None,None,None,None,None,None,None,371863.0512
355,14,None,None,None,None,None,None,None,160884.45239999998
356,2,None,None,None,None,None,None,None,23937.5676
360,10,9,0,0,0,0,0,9,108063.89880000001
361,15,1,0,0,0,0,0,1,159526.28999999998
362,28,1,0,0,0,0,0,1,299425.9392
363,58,1,0,0,0,0,0,1,623072.3795999999
364,69,1,0,0,0,0,0,1,697135.5191999999
365,77,61,0,0,0,0,0,61,728446.9632
366,89,73,0,0,0,0,0,73,803461.9835999997
367,105,32,0,0,0,0,0,32,914420.9232000003
368,122,32,0,0,0,0,0,32,1026927.5855999998
369,144,32,0,0,0,0,0,32,1190031.7248000007
370,169,30,0,0,0,0,0,30,1406692.8528000007
371,191,162,1,0,0,0,0,162,1608122.8992000008
372,234,206,6,0,0,0,0,206,2041372.651199999
373,272,241,0,0,0,0,0,241,2368272.9864000003
374,324,289,0,0,0,0,0,289,2793596.538
375,392,340,0,0,0,0,0,340,3379592.9615999963
376,426,370,12,0,0,0,0,370,3415997.188799997
377,424,368,142,0,0,0,0,368,2605021.7544000004
378,439,380,12,0,0,0,0,380,3143435.8512
379,435,378,13,0,0,0,0,378,2946210.6132000014
380,400,346,105,0,0,0,0,346,2442792.7848000014
381,376,322,133,0,0,0,0,322,2076040.6572000005
382,360,305,105,0,0,0,0,305,2066657.1444000008
383,349,300,81,0,0,0,0,300,1931528.5464000017
384,368,325,68,0,0,0,0,325,2101459.2096000016
385,380,336,23,0,0,0,0,336,2395813.4100000006
386,387,343,14,0,0,0,0,343,2591681.0903999987
387,372,330,16,0,0,0,0,330,2707934.8451999975
388,355,316,3,0,0,0,0,316,2814804.121199998
389,331,298,9,0,0,0,0,298,2828074.4615999986
390,312,274,0,0,0,0,0,274,2906978.262000002
391,266,232,5,0,0,0,0,232,2633606.234399998
392,210,None,None,None,None,None,None,None,2204873.9735999997
393,127,None,None,None,None,None,None,None,1383926.3892000006
394,51,None,None,None,None,None,None,None,548784.4956000001
395,30,None,None,None,None,None,None,None,331020.138
396,18,None,None,None,None,None,None,None,206228.89440000005
397,2,None,None,None,None,None,None,None,23624.3076
400,2,1,0,0,0,0,0,1,16493.3532
401,8,7,0,0,0,0,0,7,87369.54
402,16,13,0,0,0,0,0,13,175849.6188
403,44,36,0,0,0,0,0,36,489731.7984
404,65,52,0,0,0,0,0,52,694306.5803999999
405,76,61,0,0,0,0,0,61,766164.3372000001
406,82,32,0,0,0,0,0,32,773161.2840000001
407,105,32,0,0,0,0,0,32,972485.1960000003
408,117,32,0,0,0,0,0,32,1027188.9251999992
409,133,32,0,0,0,0,0,32,1127376.7248
410,169,30,0,0,0,0,0,30,1457707.2563999994
411,188,27,0,0,0,0,0,27,1599676.692
412,225,193,0,0,0,0,0,193,1971282.9023999989
413,280,247,0,0,0,0,0,247,2493398.0903999982
414,339,302,0,0,0,0,0,302,2986934.2199999983
415,405,351,12,0,0,0,0,351,3494902.646399999
416,427,371,14,0,0,0,0,371,3447561.080399997
417,448,384,13,0,0,0,0,384,3402489.832800001
418,468,407,14,0,0,0,0,407,3318356.0604000017
419,448,393,13,0,0,0,0,393,2942136.3612000025
420,421,360,0,0,0,0,0,360,2752249.7579999985
421,398,340,115,0,0,0,0,340,2217305.6124000014
422,348,292,84,0,0,0,0,292,2032100.8464000009
423,320,266,71,0,0,0,0,266,1883744.5943999996
424,351,303,58,0,0,0,0,303,2049967.7519999996
425,380,335,34,0,0,0,0,335,2284033.1124
426,397,352,19,0,0,0,0,352,2497435.9428000017
427,376,331,19,0,0,0,0,331,2546356.3931999984
428,363,320,18,0,0,0,0,320,2723202.2976000006
429,337,294,4,0,0,0,0,294,2749427.2452000002
430,311,273,0,0,0,0,0,273,2754516.4128000005
431,270,234,0,0,0,0,0,234,2555452.725599997
432,232,198,1,0,0,0,0,198,2356349.4852000005
433,164,135,0,0,0,0,0,135,1745530.8431999998
434,76,None,None,None,None,None,None,None,800274.6072000002
435,43,None,None,None,None,None,None,None,454674.1368000001
436,31,None,None,None,None,None,None,None,341417.88600000006
437,18,None,None,None,None,None,None,None,206878.24440000003
438,2,None,None,None,None,None,None,None,23807.4528
440,2,1,0,0,0,0,0,1,18790.119599999998
441,2,1,0,0,0,0,0,1,18546.5844
442,3,2,0,0,0,0,0,2,30440.615999999995
443,18,15,0,0,0,0,0,15,203131.9344
444,54,44,0,0,0,0,0,44,605414.5703999999
445,72,57,0,0,0,0,0,57,770778.0815999999
446,83,32,0,0,0,0,0,32,842941.7592000003
447,103,31,0,0,0,0,0,31,1009861.8804
448,117,31,0,0,0,0,0,31,1094162.2379999994
449,131,30,0,0,0,0,0,30,1172766.9804
450,160,28,0,0,0,0,0,28,1412610.4019999998
451,179,27,0,0,0,0,0,27,1525723.044
452,227,191,0,0,0,0,0,191,1973367.6276000007
453,277,239,0,0,0,0,0,239,2438732.180399999
454,376,324,0,0,0,0,0,324,3404542.7976
455,421,359,0,0,0,0,0,359,3667393.0092
456,439,377,13,0,0,0,0,377,3570430.268400001
457,456,None,None,None,None,None,None,None,3440598.5796
458,454,None,None,None,None,None,None,None,3211431.055199999
459,441,384,0,0,0,0,0,384,2916597.7992000016
460,435,377,0,0,0,0,0,377,2717028.219600001
461,407,348,66,0,0,0,0,348,2405214.1884000013
462,367,307,79,0,0,0,0,307,2136460.026000001
463,337,288,75,0,0,0,0,288,2130689.456400002
464,331,289,58,0,0,0,0,289,2094272.557200001
465,359,314,54,0,0,0,0,314,2120011.8131999993
466,391,344,12,0,0,0,0,344,2351399.265599999
467,384,330,0,0,0,0,0,330,2515989.411600002
468,375,323,0,0,0,0,0,323,2744387.0544000017
469,347,301,0,0,0,0,0,301,2750559.511200001
470,304,263,0,0,0,0,0,263,2562551.3040000005
471,268,232,0,0,0,0,0,232,2429041.198800001
472,236,201,0,0,0,0,0,201,2311122.4056
473,176,144,0,0,0,0,0,144,1812902.2668
474,89,77,0,0,0,0,0,77,900982.7759999997
475,58,None,None,None,None,None,None,None,598496.1192
476,31,None,None,None,None,None,None,None,317458.5768
477,27,None,None,None,None,None,None,None,298015.9704
478,10,None,None,None,None,None,None,None,114864.1944
480,1,None,None,None,None,None,None,None,8544.1836
481,1,None,None,None,None,None,None,None,8221.1868
482,1,None,None,None,None,None,None,None,8071.481999999999
483,6,None,None,None,None,None,None,None,65827.7688
484,18,None,None,None,None,None,None,None,198945.9552
485,49,None,None,None,None,None,None,None,538161.4008000001
486,71,28,0,0,0,0,0,28,752378.6280000001
487,89,28,0,0,0,0,0,28,902391.7559999999
488,109,28,0,0,0,0,0,28,1064180.9604
489,120,28,0,0,0,0,0,28,1109594.2368
490,146,26,0,0,0,0,0,26,1320822.1752000004
491,168,26,0,0,0,0,0,26,1462220.9052000004
492,223,183,0,0,0,0,0,183,1975486.1999999995
493,276,235,0,0,0,0,0,235,2458159.286399999
494,372,316,0,0,0,0,0,316,3401440.0607999973
495,432,365,0,0,0,0,0,365,3812382.3791999985
496,435,370,0,0,0,0,0,370,3548858.7587999976
497,449,None,None,None,None,None,None,None,3449639.305200001
498,452,392,0,0,0,0,0,392,3213910.1316000014
499,448,392,101,0,0,0,0,392,2805795.651599999
500,447,390,68,0,0,0,0,390,2745143.4516000017
501,430,368,64,0,0,0,0,368,2560898.057999999
502,385,332,85,0,0,0,0,332,2315158.0248000016
503,352,308,97,0,0,0,0,308,2150663.9399999995
504,337,296,106,0,0,0,0,296,2067367.028399999
505,342,302,42,0,0,0,0,302,2226230.7108000014
506,380,331,2,0,0,0,0,331,2269785.198000001
507,376,329,6,0,0,0,0,329,2405789.0999999973
508,371,326,11,0,0,0,0,326,2599160.140799998
509,342,294,0,0,0,0,0,294,2605800.7679999983
510,316,271,1,0,0,0,0,271,2620628.8715999983
511,274,239,27,0,0,0,0,239,2407604.1539999982
512,236,206,47,0,0,0,0,206,2186516.7179999994
513,175,144,1,0,0,0,0,144,1738385.8176000009
514,94,82,1,0,0,0,0,82,910272.8904000001
515,67,58,1,0,0,0,0,58,667066.3560000001
516,43,None,None,None,None,None,None,None,436053.3984
517,30,None,None,None,None,None,None,None,315758.6123999999
518,23,None,None,None,None,None,None,None,259326.52920000005
519,6,None,None,None,None,None,None,None,70205.7816
520,1,None,None,None,None,None,None,None,9687.762
521,1,None,None,None,None,None,None,None,9404.3076
522,1,None,None,None,None,None,None,None,9273.9048
523,2,None,None,None,None,None,None,None,20692.683599999997
524,8,None,None,None,None,None,None,None,87364.97520000002
525,31,None,None,None,None,None,None,None,346998.74159999995
526,49,None,None,None,None,None,None,None,523440.9912
527,66,18,0,0,0,0,0,18,674519.472
528,89,20,0,0,0,0,0,20,883169.8968000005
529,105,20,0,0,0,0,0,20,992264.1323999994
530,130,20,0,0,0,0,0,20,1191327.7632000002
531,165,20,0,0,0,0,0,20,1495506.868800001
532,216,173,0,0,0,0,0,173,1957087.9632000003
533,280,232,0,0,0,0,0,232,2536120.4303999995
534,355,297,0,0,0,0,0,297,3249063.7152000023
535,432,363,0,0,0,0,0,363,3878053.5695999996
536,442,370,0,0,0,0,0,370,3673094.1311999997
537,464,390,0,0,0,0,0,390,3654732.4883999997
538,463,395,0,0,0,0,0,395,3423987.0240000007
539,465,402,109,0,0,0,0,402,3033017.531999997
540,466,401,71,0,0,0,0,401,2914652.247600002
541,461,389,0,0,0,0,0,389,2793978.0059999996
542,409,357,1,0,0,0,0,357,2624473.7783999997
543,367,322,104,0,0,0,0,322,2212399.689600001
544,371,327,103,0,0,0,0,327,2286634.2444000007
545,365,326,72,0,0,0,0,326,2365257.9516000007
546,371,319,66,0,0,0,0,319,2316896.0123999985
547,364,315,1,0,0,0,0,315,2403895.7904000008
548,353,300,1,0,0,0,0,300,2513518.6836000006
549,337,295,15,0,0,0,0,295,2517474.351600001
550,309,269,18,0,0,0,0,269,2471647.4951999993
551,275,239,24,0,0,0,0,239,2364292.269600001
552,245,205,0,0,0,0,0,205,2301199.4796
553,176,143,0,0,0,0,0,143,1706483.0663999994
554,100,86,0,0,0,0,0,86,942109.1004
555,73,62,0,0,0,0,0,62,705963.96
556,48,None,None,None,None,None,None,None,470888.9555999999
557,36,None,None,None,None,None,None,None,369769.296
558,26,None,None,None,None,None,None,None,281879.5188
559,14,None,None,None,None,None,None,None,160806.91439999998
560,1,None,None,None,None,None,None,None,10844.3124
561,1,None,None,None,None,None,None,None,10592.0376
562,1,None,None,None,None,None,None,None,10476.6156
563,2,None,None,None,None,None,None,None,22442.281199999998
564,6,None,None,None,None,None,None,None,68119.5876
565,18,None,None,None,None,None,None,None,203397.9888
566,37,None,None,None,None,None,None,None,403514.9148000001
567,53,None,None,None,None,None,None,None,551664.5171999999
568,68,16,0,0,0,0,0,16,673499.0700000001
569,95,16,0,0,0,0,0,16,922925.1324000004
570,130,None,None,None,None,None,None,None,1242349.4123999996
571,160,None,None,None,None,None,None,None,1475373.1823999998
572,197,None,None,None,None,None,None,None,1773856.0872000002
573,251,1,0,0,0,0,0,1,2246944.1712000007
574,339,None,None,None,None,None,None,None,3105813.2112000016
575,421,352,0,0,0,0,0,352,3884064.5831999984
576,442,374,5,0,0,0,0,374,3797494.1676000007
577,471,401,5,0,0,0,0,401,3835665.7596000032
578,466,391,0,0,0,0,0,391,3577661.8572000028
579,469,395,0,0,0,0,0,395,3338670.912000002
580,481,405,0,0,0,0,0,405,3217700.749199998
581,499,411,0,0,0,0,0,411,3152881.136399996
582,475,405,9,0,0,0,0,405,2922655.02
583,416,370,40,0,0,0,0,370,2626811.4203999997
584,401,359,64,0,0,0,0,359,2579007.763199996
585,381,332,88,0,0,0,0,332,2433189.7859999994
586,389,334,106,0,0,0,0,334,2492896.2971999994
587,363,313,96,0,0,0,0,313,2336531.4108
588,346,299,91,0,0,0,0,299,2312416.3476000014
589,318,276,13,0,0,0,0,276,2398597.864799999
590,302,260,10,0,0,0,0,260,2459275.8132000007
591,275,237,25,0,0,0,0,237,2335599.206400002
592,245,208,55,0,0,0,0,208,2210636.416800001
593,184,145,0,0,0,0,0,145,1766940.9168000012
594,105,87,0,0,0,0,0,87,965583.7295999998
595,77,64,0,0,0,0,0,64,724236.4607999999
596,52,42,0,0,0,0,0,42,496253.8703999999
597,41,None,None,None,None,None,None,None,411866.42879999994
598,29,None,None,None,None,None,None,None,305759.01719999994
599,18,None,None,None,None,None,None,None,201653.00879999995
601,1,None,None,None,None,None,None,None,11782.9848
602,1,None,None,None,None,None,None,None,11679.5244
603,1,None,None,None,None,None,None,None,11702.9868
604,2,None,None,None,None,None,None,None,23450.154000000002
605,7,None,None,None,None,None,None,None,79664.24639999999
606,31,None,None,None,None,None,None,None,348206.1432
607,43,None,None,None,None,None,None,None,456381.0420000001
608,62,None,None,None,None,None,None,None,633879.5688
609,87,None,None,None,None,None,None,None,864617.0303999997
610,144,None,None,None,None,None,None,None,1443745.3007999999
611,164,None,None,None,None,None,None,None,1547998.5996
612,182,None,None,None,None,None,None,None,1619489.7444000004
613,207,None,None,None,None,None,None,None,1784716.0643999993
614,305,None,None,None,None,None,None,None,2802409.010399999
615,399,5,0,0,0,0,0,5,3655677.8124000006
616,433,None,None,None,None,None,None,None,3846162.3971999995
617,468,392,0,0,0,0,0,392,3923231.1360000013
618,470,393,0,0,0,0,0,393,3660338.1276
619,486,404,0,0,0,0,0,404,3593930.2691999995
620,498,413,0,0,0,0,0,413,3500030.563199998
621,496,403,0,0,0,0,0,403,3352504.2168000005
622,486,418,27,0,0,0,0,418,3171934.605600001
623,463,404,54,0,0,0,0,404,2984439.2183999997
624,429,None,None,None,None,None,None,None,2918457.3492000047
625,396,344,105,0,0,0,0,344,2503310.8739999966
626,406,348,114,0,0,0,0,348,2639974.3392
627,368,314,94,0,0,0,0,314,2509435.0296000014
628,346,295,91,0,0,0,0,295,2335143.0336
629,314,265,87,0,0,0,0,265,2165071.7592
630,285,236,14,0,0,0,0,236,2370833.7035999997
631,269,221,28,0,0,0,0,221,2353058.5883999984
632,239,193,46,0,0,0,0,193,2118705.5183999995
633,185,136,0,0,0,0,0,136,1750127.3243999989
634,118,91,0,0,0,0,0,91,1087562.8427999995
635,91,71,0,0,0,0,0,71,864167.6207999999
636,61,47,0,0,0,0,0,47,582197.6099999998
637,45,34,0,0,0,0,0,34,442263.63360000006
638,35,None,None,None,None,None,None,None,364726.0548
639,24,None,None,None,None,None,None,None,265127.86079999997
645,3,None,None,None,None,None,None,None,35000.499599999996
646,17,None,None,None,None,None,None,None,193742.90879999998
647,44,None,None,None,None,None,None,None,487767.71280000004
648,58,None,None,None,None,None,None,None,607936.8143999998
649,86,None,None,None,None,None,None,None,878438.8056000001
650,135,None,None,None,None,None,None,None,1357837.1748000006
651,158,None,None,None,None,None,None,None,1498824.2256000007
652,177,None,None,None,None,None,None,None,1582645.752
653,189,None,None,None,None,None,None,None,1600041.4308
654,248,None,None,None,None,None,None,None,2184192.7728
655,358,5,0,0,0,0,0,5,3292330.9595999997
656,422,None,None,None,None,None,None,None,3789710.3352000015
657,459,2,0,0,0,0,0,2,3954578.4731999994
658,472,394,0,0,0,0,0,394,3838879.564800003
659,482,399,0,0,0,0,0,399,3682868.5535999984
660,484,8,0,0,0,0,0,8,3558913.530000003
661,494,423,99,0,0,0,0,423,3319896.8016000004
662,490,422,78,0,0,0,0,422,3293759.7371999985
663,468,401,48,0,0,0,0,401,3174277.120800001
664,446,14,0,0,0,0,0,14,3058384.7964000013
665,429,363,16,0,0,0,0,363,3003637.92
666,408,351,101,0,0,0,0,351,2749791.7020000005
667,389,323,18,0,0,0,0,323,2974089.801599997
668,351,27,0,0,0,0,0,27,2759185.1292000003
669,297,246,85,0,0,0,0,246,2086110.5987999996
670,273,221,87,0,0,0,0,221,1967864.330399999
671,251,198,41,0,0,0,0,198,2261764.806
672,221,171,45,0,0,0,0,171,1966131.3840000003
673,159,121,30,0,0,0,0,121,1348268.2811999999
674,120,94,22,0,0,0,0,94,1020683.0639999999
675,104,79,20,0,0,0,0,79,936731.8176000001
676,73,50,0,0,0,0,0,50,695258.1971999999
677,56,39,0,0,0,0,0,39,551289.1932
678,41,None,None,None,None,None,None,None,420601.4279999999
679,32,None,None,None,None,None,None,None,349983.67199999996
685,2,None,None,None,None,None,None,None,23737.152000000002
686,11,None,None,None,None,None,None,None,124625.66279999999
687,33,None,None,None,None,None,None,None,369150.06000000006
688,57,None,None,None,None,None,None,None,613872.9924
689,95,None,None,None,None,None,None,None,1001667.8339999998
690,127,None,None,None,None,None,None,None,1277707.7616000006
691,149,None,None,None,None,None,None,None,1411862.2559999998
692,172,None,None,None,None,None,None,None,1547591.4935999997
693,186,None,None,None,None,None,None,None,1571444.373600001
694,215,None,None,None,None,None,None,None,1808232.2472000003
695,297,None,None,None,None,None,None,None,2659460.168400001
696,376,1,0,0,0,0,0,1,3364258.3044000003
697,432,3,0,0,0,0,0,3,3777799.293599999
698,453,None,None,None,None,None,None,None,3837713.089200003
699,466,None,None,None,None,None,None,None,3701520.634799999
700,476,385,0,0,0,0,0,385,3659568.6252000015
701,483,406,2,0,0,0,0,406,3622841.0532000004
702,474,406,98,0,0,0,0,406,3285995.358000002
703,461,12,0,0,0,0,0,12,3372431.6532000005
704,459,12,0,0,0,0,0,12,3377160.7295999974
705,443,None,None,None,None,None,None,None,3310867.1856
706,434,358,25,0,0,0,0,358,3230599.324800002
707,410,None,None,None,None,None,None,None,3252356.1684000026
708,362,29,0,0,0,0,0,29,2920811.5739999986
709,302,231,0,0,0,0,0,231,2569696.0692
710,278,218,83,0,0,0,0,218,2081654.950799999
711,237,181,75,0,0,0,0,181,1770471.0743999998
712,206,154,47,0,0,0,0,154,1808302.9703999995
713,152,117,28,0,0,0,0,117,1253255.7012000005
714,117,90,17,0,0,0,0,90,962875.2012000001
715,108,81,19,0,0,0,0,81,952722.4836000003
716,75,50,0,0,0,0,0,50,687490.9404
717,67,43,0,0,0,0,0,43,654603.2868000001
718,50,33,0,0,0,0,0,33,509021.034
719,37,None,None,None,None,None,None,None,394808.2584
725,4,None,None,None,None,None,None,None,47123.9196
726,13,None,None,None,None,None,None,None,146542.2612
727,16,None,None,None,None,None,None,None,167593.8084
728,47,None,None,None,None,None,None,None,503519.9016
729,93,None,None,None,None,None,None,None,985758.4091999996
730,112,None,None,None,None,None,None,None,1110873.7716000006
731,141,None,None,None,None,None,None,None,1338352.1352
732,157,None,None,None,None,None,None,None,1396448.0795999998
733,177,None,None,None,None,None,None,None,1498198.8660000002
734,192,None,None,None,None,None,None,None,1537226.2079999999
735,233,5,0,0,0,0,0,5,1880251.1004000006
736,316,3,0,0,0,0,0,3,2768460.5616000015
737,362,297,8,0,0,0,0,297,3221519.384400001
738,395,329,4,0,0,0,0,329,3479970.128400004
739,421,354,1,0,0,0,0,354,3600315.864000002
740,448,6,0,0,0,0,0,6,3641504.146800004
741,474,378,0,0,0,0,0,378,3729814.168800003
742,461,None,None,None,None,None,None,None,3571692.0419999966
743,461,12,0,0,0,0,0,12,3597669.073200001
744,455,12,0,0,0,0,0,12,3592692.417600004
745,440,358,18,0,0,0,0,358,3469845.008400002
746,426,352,117,0,0,0,0,352,3007634.4479999985
747,393,None,None,None,None,None,None,None,3189687.586800002
748,352,31,0,0,0,0,0,31,2912343.2868000013
749,307,31,0,0,0,0,0,31,2644362.4295999995
750,264,204,40,0,0,0,0,204,2317012.293600001
751,227,167,44,0,0,0,0,167,1969216.6644
752,187,136,35,0,0,0,0,136,1570511.137199999
753,156,115,24,0,0,0,0,115,1291815.5364000003
754,131,95,18,0,0,0,0,95,1105259.9195999997
755,108,78,16,0,0,0,0,78,933435.6384000005
756,77,49,0,0,0,0,0,49,681600.2028000001
757,71,45,0,0,0,0,0,45,674006.8799999999
758,63,40,0,0,0,0,0,40,639961.464
759,42,26,0,0,0,0,0,26,438257.4384
765,4,None,None,None,None,None,None,None,44802.5052
766,11,None,None,None,None,None,None,None,120138.43919999998
767,20,None,None,None,None,None,None,None,210791.88
768,41,None,None,None,None,None,None,None,432624.98279999994
769,85,None,None,None,None,None,None,None,892262.0927999999
770,103,None,None,None,None,None,None,None,1007343.4115999996
771,121,None,None,None,None,None,None,None,1109835.6383999998
772,144,None,None,None,None,None,None,None,1264141.5071999996
773,156,None,None,None,None,None,None,None,1275839.8092
774,168,14,0,0,0,0,0,14,1286535.4248
775,193,14,0,0,0,0,0,14,1453467.9348000006
776,233,13,0,0,0,0,0,13,1852674.6660000007
777,295,234,2,0,0,0,0,234,2678007.7487999997
778,334,275,1,0,0,0,0,275,3040892.1168000028
779,362,299,105,0,0,0,0,299,2719763.610000001
780,386,316,2,0,0,0,0,316,3269337.018000002
781,435,None,None,None,None,None,None,None,3547265.3879999984
782,452,None,None,None,None,None,None,None,3702911.2632000037
783,443,None,None,None,None,None,None,None,3607094.7444
784,439,9,0,0,0,0,0,9,3616744.3836000008
785,431,337,0,0,0,0,0,337,3609725.3891999964
786,408,320,0,0,0,0,0,320,3460981.7688
787,373,None,None,None,None,None,None,None,3173883.5484000007
788,349,32,0,0,0,0,0,32,2997883.6907999995
789,298,22,0,0,0,0,0,22,2534367.2003999986
790,261,None,None,None,None,None,None,None,2258292.5483999993
791,223,158,37,0,0,0,0,158,1894832.2332
792,182,131,30,0,0,0,0,131,1467112.5204000005
793,156,113,18,0,0,0,0,113,1269578.7012000002
794,140,100,16,0,0,0,0,100,1184117.7311999996
795,113,77,14,0,0,0,0,77,974568.8496000003
796,87,55,12,0,0,0,0,55,737524.3367999998
797,77,46,0,0,0,0,0,46,718672.4075999998
798,63,38,0,0,0,0,0,38,612415.3967999998
799,53,32,0,0,0,0,0,32,545659.6235999999
804,4,None,None,None,None,None,None,None,47481.536400000005
805,7,None,None,None,None,None,None,None,78278.12159999998
806,11,None,None,None,None,None,None,None,117370.3236
807,20,None,None,None,None,None,None,None,206901.31919999997
808,39,None,None,None,None,None,None,None,404169.7835999999
809,77,None,None,None,None,None,None,None,798180.8339999999
810,102,None,None,None,None,None,None,None,998924.3712
811,111,None,None,None,None,None,None,None,995465.7348000002
812,121,None,None,None,None,None,None,None,1001253.1392000003
813,140,None,None,None,None,None,None,None,1105758.9000000001
814,150,None,None,None,None,None,None,None,1101231.9864000003
815,167,None,None,None,None,None,None,None,1182987.2928
816,179,136,0,0,0,0,0,136,1274027.7047999997
817,203,156,1,0,0,0,0,156,1651206.54
818,269,211,0,0,0,0,0,211,2443974.1031999993
819,319,258,0,0,0,0,0,258,2912700.7392000025
820,360,254,0,0,0,0,0,254,3163408.0836000023
821,411,None,None,None,None,None,None,None,3606309.8531999993
822,435,None,None,None,None,None,None,None,3768928.3248
823,432,None,None,None,None,None,None,None,3730652.713200002
824,424,326,0,0,0,0,0,326,3651940.9692000025
825,411,313,0,0,0,0,0,313,3588033.4896000004
826,394,303,119,0,0,0,0,303,2974665.320399999
827,357,265,22,0,0,0,0,265,3051134.2715999996
828,314,None,None,None,None,None,None,None,2714138.2236000015
829,277,None,None,None,None,None,None,None,2328174.602400001
830,252,None,None,None,None,None,None,None,2159300.0988000003
831,221,None,None,None,None,None,None,None,1853206.2012000005
832,180,128,19,0,0,0,0,128,1430095.1795999995
833,169,119,19,0,0,0,0,119,1400592.2436000002
834,151,104,14,0,0,0,0,104,1297144.4663999993
835,121,79,13,0,0,0,0,79,1037468.9472000002
836,105,64,11,0,0,0,0,64,915239.0123999999
837,89,56,10,0,0,0,0,56,791175.5556000001
838,69,39,0,0,0,0,0,39,656237.6639999998
839,51,8,0,0,0,0,0,8,496205.5428
844,4,None,None,None,None,None,None,None,46189.0788
845,7,None,None,None,None,None,None,None,75959.7144
846,12,None,None,None,None,None,None,None,125692.50479999998
847,20,None,None,None,None,None,None,None,204685.16280000002
848,41,None,None,None,None,None,None,None,426709.7676
849,70,None,None,None,None,None,None,None,713517.9576000002
850,92,None,None,None,None,None,None,None,887349.6732000003
851,103,None,None,None,None,None,None,None,912802.1543999998
852,114,None,None,None,None,None,None,None,935172.6048
853,126,None,None,None,None,None,None,None,984604.7855999997
854,137,None,None,None,None,None,None,None,1042094.2104000002
855,148,None,None,None,None,None,None,None,1060676.9268000002
856,154,6,0,0,0,0,0,6,1097048.1576
857,159,124,5,0,0,0,0,124,1182895.7183999994
858,181,138,2,0,0,0,0,138,1447343.8644000008
859,247,168,0,0,0,0,0,168,2176397.360399999
860,321,228,0,0,0,0,0,228,2835645.1860000016
861,361,1,0,0,0,0,0,1,3252385.2839999986
862,404,311,0,0,0,0,0,311,3669976.532400001
863,411,9,0,0,0,0,0,9,3706370.1264000004
864,390,293,0,0,0,0,0,293,3455028.814800002
865,359,9,0,0,0,0,0,9,3188569.9031999996
866,340,247,96,0,0,0,0,247,2597518.3967999998
867,325,225,22,0,0,0,0,225,2785377.1151999985
868,291,None,None,None,None,None,None,None,2508439.179599996
869,253,9,0,0,0,0,0,9,2114995.3848000006
870,228,154,0,0,0,0,0,154,1893170.6724
871,207,9,0,0,0,0,0,9,1702273.0848
872,194,130,20,0,0,0,0,130,1568927.2943999993
873,172,117,17,0,0,0,0,117,1399888.0391999998
874,147,97,13,0,0,0,0,97,1226673.7991999995
875,137,87,12,0,0,0,0,87,1169150.4779999997
876,121,20,0,0,0,0,0,20,1091844.7415999998
877,98,18,0,0,0,0,0,18,896487.0600000002
878,85,17,0,0,0,0,0,17,810571.1052000002
879,65,15,0,0,0,0,0,15,633302.3231999998
884,5,None,None,None,None,None,None,None,57345.2964
885,9,None,None,None,None,None,None,None,98149.99919999999
886,12,None,None,None,None,None,None,None,122813.958
887,16,1,0,0,0,0,0,1,154434.5376
888,34,1,0,0,0,0,0,1,342036.2376
889,63,3,0,0,0,0,0,3,633096.1068000001
890,85,3,0,0,0,0,0,3,812623.0848000002
891,91,None,None,None,None,None,None,None,788074.6092
892,105,None,None,None,None,None,None,None,872510.8571999993
893,108,None,None,None,None,None,None,None,851590.7052000002
894,118,2,0,0,0,0,0,2,877359.6144
895,126,3,0,0,0,0,0,3,903604.0031999999
896,137,4,0,0,0,0,0,4,997049.3843999999
897,144,14,0,0,0,0,0,14,1036651.8972000002
898,158,10,0,0,0,0,0,10,1147245.5940000003
899,189,1,0,0,0,0,0,1,1445277.102000001
900,244,161,0,0,0,0,0,161,2021689.1484
901,278,179,0,0,0,0,0,179,2454633.7392000016
902,330,237,0,0,0,0,0,237,3002048.906399999
903,325,8,0,0,0,0,0,8,2893657.912799998
904,329,228,0,0,0,0,0,228,2892293.634000001
905,324,221,0,0,0,0,0,221,2856832.6788000013
906,315,213,0,0,0,0,0,213,2810619.3612000006
907,292,198,0,0,0,0,0,198,2573746.0847999984
908,253,171,0,0,0,0,0,171,2139647.4587999983
909,229,149,0,0,0,0,0,149,1870882.8048000007
910,199,154,3,0,0,0,0,154,1581074.6688
911,198,120,0,0,0,0,0,120,1638647.6940000013
912,186,8,0,0,0,0,0,8,1517460.7331999992
913,160,102,13,0,0,0,0,102,1246193.5427999997
914,146,91,0,0,0,0,0,91,1211769.4523999998
915,132,24,0,0,0,0,0,24,1127120.6676
916,125,24,0,0,0,0,0,24,1098378.3755999997
917,112,24,0,0,0,0,0,24,1013347.3631999999
918,90,20,0,0,0,0,0,20,828361.3752
919,69,17,0,0,0,0,0,17,641012.2968000001
924,5,None,None,None,None,None,None,None,56859.072
925,9,None,None,None,None,None,None,None,97008.12960000001
926,12,None,None,None,None,None,None,None,121588.422
927,16,1,0,0,0,0,0,1,153227.11200000002
928,31,1,0,0,0,0,0,1,304894.64759999997
929,58,1,0,0,0,0,0,1,581580.1932000001
930,79,1,0,0,0,0,0,1,759855.3203999999
931,88,1,0,0,0,0,0,1,774471.1895999998
932,89,None,None,None,None,None,None,None,741684.5448
933,97,None,None,None,None,None,None,None,761958.3683999999
934,105,None,None,None,None,None,None,None,774279.0911999999
935,115,2,0,0,0,0,0,2,844158.2520000001
936,118,4,0,0,0,0,0,4,872158.3164000004
937,129,11,0,0,0,0,0,11,955305.4788
938,144,8,0,0,0,0,0,8,1036171.6919999999
939,165,1,0,0,0,0,0,1,1189666.4951999998
940,188,None,None,None,None,None,None,None,1432318.3547999999
941,213,133,0,0,0,0,0,133,1768732.1052000015
942,234,142,0,0,0,0,0,142,2009233.7543999995
943,270,168,0,0,0,0,0,168,2405864.5488
944,283,181,0,0,0,0,0,181,2500434.096
945,284,193,0,0,0,0,0,193,2512176.8087999993
946,286,192,0,0,0,0,0,192,2525977.6295999973
947,266,4,0,0,0,0,0,4,2301340.1484
948,217,138,0,0,0,0,0,138,1720697.2331999994
949,201,126,0,0,0,0,0,126,1634743.477200001
950,195,133,0,0,0,0,0,133,1590563.9904
951,179,134,3,0,0,0,0,134,1450730.2583999997
952,157,6,0,0,0,0,0,6,1227402.3827999996
953,153,94,0,0,0,0,0,94,1190001.7656000003
954,144,87,0,0,0,0,0,87,1174958.1876000003
955,132,79,0,0,0,0,0,79,1104512.6399999997
956,120,None,None,None,None,None,None,None,1023737.1060000001
957,116,25,0,0,0,0,0,25,1006357.8012000002
958,95,23,0,0,0,0,0,23,839930.2476
959,76,22,0,0,0,0,0,22,682861.6980000001
964,5,None,None,None,None,None,None,None,57005.861999999994
965,9,None,None,None,None,None,None,None,97062.1092
966,10,None,None,None,None,None,None,None,97716.3276
967,16,1,0,0,0,0,0,1,154184.62679999997
968,31,1,0,0,0,0,0,1,305619.1896000001
969,39,1,0,0,0,0,0,1,360240.70800000004
970,61,1,0,0,0,0,0,1,567445.7880000001
971,85,None,None,None,None,None,None,None,793337.8632
972,89,None,None,None,None,None,None,None,762485.5272
973,90,None,None,None,None,None,None,None,724995.0059999997
974,93,None,None,None,None,None,None,None,705993.0792000004
975,102,3,0,0,0,0,0,3,698942.7083999998
976,114,5,0,0,0,0,0,5,827936.2919999998
977,123,5,0,0,0,0,0,5,943434.7763999999
978,144,7,0,0,0,0,0,7,1094821.0392000002
979,156,None,None,None,None,None,None,None,1170795.0348
980,167,None,None,None,None,None,None,None,1273357.4651999993
981,185,113,0,0,0,0,0,113,1459153.6823999998
982,198,115,0,0,0,0,0,115,1646009.419199999
983,213,120,0,0,0,0,0,120,1801746.4572000015
984,224,129,0,0,0,0,0,129,1926140.7804000012
985,252,3,0,0,0,0,0,3,2233681.727999999
986,256,4,0,0,0,0,0,4,2254844.4156
987,231,153,0,0,0,0,0,153,1946509.7543999993
988,200,136,0,0,0,0,0,136,1596397.8252
989,186,123,0,0,0,0,0,123,1458015.2604000005
990,173,128,3,0,0,0,0,128,1345139.2752
991,161,106,0,0,0,0,0,106,1216136.9364
992,152,96,0,0,0,0,0,96,1144266.3047999998
993,142,89,0,0,0,0,0,89,1090978.6991999997
994,134,79,0,0,0,0,0,79,1064868.6287999998
995,130,75,0,0,0,0,0,75,1078709.1768000002
996,110,64,0,0,0,0,0,64,901418.8452
997,106,23,0,0,0,0,0,23,875391.8664
998,91,24,0,0,0,0,0,24,743768.742
999,74,21,0,0,0,0,0,21,613841.6399999998
1004,5,None,None,None,None,None,None,None,57781.504799999995
1005,7,None,None,None,None,None,None,None,74251.34159999999
1006,10,None,None,None,None,None,None,None,99270.27360000001
1007,18,1,0,0,0,0,0,1,180828.1512
1008,27,1,0,0,0,0,0,1,262532.694
1009,35,1,0,0,0,0,0,1,320061.2376
1010,49,1,0,0,0,0,0,1,442529.1983999999
1011,67,1,0,0,0,0,0,1,597992.1456
1012,84,None,None,None,None,None,None,None,744566.2872000001
1013,92,None,None,None,None,None,None,None,789981.0251999996
1014,96,None,None,None,None,None,None,None,759617.8751999998
1015,95,1,0,0,0,0,0,1,689236.9019999999
1016,100,2,0,0,0,0,0,2,707093.1683999997
1017,121,5,0,0,0,0,0,5,936630.9276000002
1018,126,None,None,None,None,None,None,None,960005.6063999999
1019,148,None,None,None,None,None,None,None,1155762.6864
1020,162,None,None,None,None,None,None,None,1258004.0616
1021,170,1,0,0,0,0,0,1,1348564.5828000007
1022,183,1,0,0,0,0,0,1,1531377.4235999996
1023,189,107,0,0,0,0,0,107,1575385.6739999996
1024,194,106,0,0,0,0,0,106,1628230.1567999998
1025,211,124,0,0,0,0,0,124,1840393.6019999997
1026,210,125,0,0,0,0,0,125,1773888.1799999997
1027,176,102,0,0,0,0,0,102,1394792.8008000006
1028,165,98,1,0,0,0,0,98,1286015.1972000003
1029,155,112,0,0,0,0,0,112,1185701.2332
1030,150,96,0,0,0,0,0,96,1106176.5936
1031,150,95,0,0,0,0,0,95,1109354.3291999998
1032,151,93,0,0,0,0,0,93,1073711.082
1033,142,86,0,0,0,0,0,86,1031336.3639999998
1034,130,75,0,0,0,0,0,75,970172.5404
1035,120,67,0,0,0,0,0,67,907327.5588000002
1036,102,57,0,0,0,0,0,57,788441.0495999998
1037,93,22,0,0,0,0,0,22,718829.1887999998
1038,90,22,0,0,0,0,0,22,708775.1255999998
1039,78,22,0,0,0,0,0,22,623378.8968000002
1044,2,None,None,None,None,None,None,None,22399.1988
1045,7,None,None,None,None,None,None,None,75896.79000000001
1046,10,None,None,None,None,None,None,None,102224.2836
1047,16,1,0,0,0,0,0,1,161309.7456
1048,24,1,0,0,0,0,0,1,234331.8684
1049,34,1,0,0,0,0,0,1,319551.05880000006
1050,38,1,0,0,0,0,0,1,328078.99559999997
1051,49,1,0,0,0,0,0,1,415579.5768
1052,70,1,0,0,0,0,0,1,609193.5347999999
1053,83,2,0,0,0,0,0,2,716366.2260000004
1054,90,2,0,0,0,0,0,2,732135.7764
1055,88,2,0,0,0,0,0,2,686357.9976000005
1056,94,3,0,0,0,0,0,3,691112.1347999999
1057,102,3,0,0,0,0,0,3,777171.9288
1058,115,None,None,None,None,None,None,None,902677.6931999999
1059,138,None,None,None,None,None,None,None,1112030.6604
1060,149,None,None,None,None,None,None,None,1198986.2123999996
1061,164,3,0,0,0,0,0,3,1352940.4440000004
1062,174,2,0,0,0,0,0,2,1475396.2739999993
1063,181,2,0,0,0,0,0,2,1543391.6999999988
1064,183,2,0,0,0,0,0,2,1551825.1272
1065,179,104,0,0,0,0,0,104,1516156.1652
1066,179,107,7,0,0,0,0,107,1465186.3896000008
1067,147,83,1,0,0,0,0,83,1173904.9667999996
1068,143,104,1,0,0,0,0,104,1074470.1372
1069,141,101,1,0,0,0,0,101,1045450.5647999997
1070,149,24,0,0,0,0,0,24,1075477.4904
1071,146,25,0,0,0,0,0,25,1005954.3996000006
1072,138,24,0,0,0,0,0,24,972318.0695999998
1073,132,None,None,None,None,None,None,None,884684.2787999994
1074,122,3,0,0,0,0,0,3,837545.2463999998
1075,111,3,0,0,0,0,0,3,775729.3067999997
1076,95,None,None,None,None,None,None,None,676752.9648000004
1077,92,21,0,0,0,0,0,21,657494.2775999999
1078,88,21,0,0,0,0,0,21,674911.5492000002
1079,74,21,0,0,0,0,0,21,566061.2196
1084,2,None,None,None,None,None,None,None,23080.548
1085,7,None,None,None,None,None,None,None,78411.4908
1086,9,None,None,None,None,None,None,None,94125.93719999999
1087,14,None,None,None,None,None,None,None,142561.36320000002
1088,20,1,0,0,0,0,0,1,196202.38319999998
1089,32,1,0,0,0,0,0,1,311226.8448
1090,35,1,0,0,0,0,0,1,311842.0848
1091,38,1,0,0,0,0,0,1,311442.3684
1092,53,3,0,0,0,0,0,3,452849.96040000004
1093,72,3,0,0,0,0,0,3,629578.4496
1094,82,2,0,0,0,0,0,2,713527.6415999996
1095,94,4,0,0,0,0,0,4,803382.5472000001
1096,94,3,0,0,0,0,0,3,778998.2940000003
1097,103,3,0,0,0,0,0,3,850714.7220000002
1098,108,1,0,0,0,0,0,1,873780.5832
1099,132,1,0,0,0,0,0,1,1111045.5899999996
1100,141,1,0,0,0,0,0,1,1193483.3160000003
1101,153,3,0,0,0,0,0,3,1319865.3480000005
1102,168,3,0,0,0,0,0,3,1481253.7055999993
1103,165,3,0,0,0,0,0,3,1421993.086800001
1104,169,100,0,0,0,0,0,100,1442895.8675999998
1105,150,86,0,0,0,0,0,86,1251683.8308000006
1106,143,83,1,0,0,0,0,83,1142617.4915999998
1107,130,64,0,0,0,0,0,64,1004589.6791999999
1108,123,89,1,0,0,0,0,89,901144.2480000004
1109,134,96,1,0,0,0,0,96,984486.3732
1110,123,91,0,0,0,0,0,91,870587.4360000001
1111,130,97,3,0,0,0,0,97,848484.8051999997
1112,131,96,3,0,0,0,0,96,835799.0939999996
1113,119,20,0,0,0,0,0,20,752991.0516000002
1114,114,14,0,0,0,0,0,14,700821.4415999999
1115,109,22,0,0,0,0,0,22,660398.6328000003
1116,103,21,0,0,0,0,0,21,678825.3659999999
1117,92,19,0,0,0,0,0,19,663432.4776000003
1118,84,20,0,0,0,0,0,20,632494.1603999999
1119,70,4,0,0,0,0,0,4,541235.8308
1124,1,None,None,None,None,None,None,None,11969.0988
1125,5,None,None,None,None,None,None,None,56971.7448
1126,7,None,None,None,None,None,None,None,74179.59360000001
1127,12,None,None,None,None,None,None,None,124862.6316
1128,14,None,None,None,None,None,None,None,134373.19439999998
1129,29,1,0,0,0,0,0,1,293208.73800000007
1130,34,1,0,0,0,0,0,1,321978.5604
1131,35,3,0,0,0,0,0,3,302611.06440000003
1132,38,3,0,0,0,0,0,3,307952.95439999993
1133,51,3,0,0,0,0,0,3,434057.7840000001
1134,69,5,0,0,0,0,0,5,612507.5519999999
1135,85,4,0,0,0,0,0,4,779769.0684
1136,89,4,0,0,0,0,0,4,789360.7679999999
1137,96,5,0,0,0,0,0,5,841593.0515999999
1138,106,1,0,0,0,0,0,1,935736.2040000001
1139,119,2,0,0,0,0,0,2,1053261.8676000002
1140,130,1,0,0,0,0,0,1,1164164.6316000007
1141,141,None,None,None,None,None,None,None,1276845.0971999997
1142,141,None,None,None,None,None,None,None,1255435.2383999992
1143,148,None,None,None,None,None,None,None,1307864.3543999998
1144,138,None,None,None,None,None,None,None,1185746.9988
1145,119,1,0,0,0,0,0,1,960630.3023999998
1146,126,69,0,0,0,0,0,69,1016789.4144000006
1147,118,2,0,0,0,0,0,2,929824.0523999999
1148,114,3,0,0,0,0,0,3,841823.274
1149,119,86,0,0,0,0,0,86,877293.7187999997
1150,120,18,0,0,0,0,0,18,806322.0095999998
1151,113,82,3,0,0,0,0,82,715421.0028000002
1152,107,18,0,0,0,0,0,18,698735.4552000002
1153,107,19,0,0,0,0,0,19,648330.8688000002
1154,103,12,0,0,0,0,0,12,619571.2812
1155,103,12,0,0,0,0,0,12,653012.3315999997
1156,98,19,0,0,0,0,0,19,659520.6792000002
1157,88,None,None,None,None,None,None,None,637852.8239999999
1158,80,3,0,0,0,0,0,3,604137.0744000003
1159,68,3,0,0,0,0,0,3,515151.3815999999
1165,2,None,None,None,None,None,None,None,23004.9804
1166,5,None,None,None,None,None,None,None,54306.437999999995
1167,9,None,None,None,None,None,None,None,95443.4784
1168,14,None,None,None,None,None,None,None,143203.3032
1169,18,None,None,None,None,None,None,None,177016.8204
1170,31,3,0,0,0,0,0,3,310037.3688
1171,34,3,0,0,0,0,0,3,318653.682
1172,35,3,0,0,0,0,0,3,304899.8351999999
1173,37,5,0,0,0,0,0,5,305664.0804000001
1174,46,5,0,0,0,0,0,5,392064.87119999994
1175,59,5,0,0,0,0,0,5,521963.91359999997
1176,74,1,0,0,0,0,0,1,692453.4228
1177,84,1,0,0,0,0,0,1,786359.1647999999
1178,96,2,0,0,0,0,0,2,888640.1856
1179,105,2,0,0,0,0,0,2,978427.5156000002
1180,111,2,0,0,0,0,0,2,1029800.2919999998
1181,115,None,None,None,None,None,None,None,1059743.0268000003
1182,114,None,None,None,None,None,None,None,1019944.1436
1183,121,None,None,None,None,None,None,None,1107541.0691999993
1184,117,None,None,None,None,None,None,None,1026539.0796
1185,109,None,None,None,None,None,None,None,895333.3188000002
1186,107,1,0,0,0,0,0,1,868852.4988000001
1187,114,2,0,0,0,0,0,2,868122.9575999996
1188,118,3,0,0,0,0,0,3,864902.6927999998
1189,114,4,0,0,0,0,0,4,808916.0604000001
1190,114,83,3,0,0,0,0,83,750594.2208000002
1191,108,14,0,0,0,0,0,14,728025.8556000002
1192,97,11,0,0,0,0,0,11,660567.3276000002
1193,99,12,0,0,0,0,0,12,627177.1787999999
1194,99,9,0,0,0,0,0,9,642013.9836
1195,101,3,0,0,0,0,0,3,677687.1564
1196,96,3,0,0,0,0,0,3,681658.0547999998
1197,88,3,0,0,0,0,0,3,656899.6560000001
1198,76,1,0,0,0,0,0,1,589449.7176000004
1199,62,1,0,0,0,0,0,1,471887.1372
1206,5,None,None,None,None,None,None,None,57662.69640000001
1207,5,None,None,None,None,None,None,None,52904.672399999996
1208,11,None,None,None,None,None,None,None,116808.06360000002
1209,14,None,None,None,None,None,None,None,141076.224
1210,19,None,None,None,None,None,None,None,188149.836
1211,31,3,0,0,0,0,0,3,311417.70600000006
1212,32,3,0,0,0,0,0,3,301550.9196
1213,34,5,0,0,0,0,0,5,305996.9628
1214,35,5,0,0,0,0,0,5,302620.8108
1215,47,5,0,0,0,0,0,5,429965.85480000003
1216,54,2,0,0,0,0,0,2,496223.3148
1217,68,2,0,0,0,0,0,2,647797.7267999998
1218,75,2,0,0,0,0,0,2,712589.4815999998
1219,81,2,0,0,0,0,0,2,769441.0103999999
1220,88,None,None,None,None,None,None,None,832997.7948000001
1221,90,None,None,None,None,None,None,None,832981.992
1222,90,None,None,None,None,None,None,None,803274.8435999996
1223,87,None,None,None,None,None,None,None,773476.9392000001
1224,103,None,None,None,None,None,None,None,932308.2095999996
1225,102,None,None,None,None,None,None,None,883989.0491999998
1226,94,None,None,None,None,None,None,None,773526.7428
1227,102,2,0,0,0,0,0,2,780645.2232
1228,115,4,0,0,0,0,0,4,845199.8652000003
1229,115,4,0,0,0,0,0,4,834347.6411999996
1230,115,None,None,None,None,None,None,None,799863.7188
1231,111,16,0,0,0,0,0,16,753556.0571999996
1232,101,13,0,0,0,0,0,13,671943.9432000001
1233,101,6,0,0,0,0,0,6,688853.5836
1234,97,4,0,0,0,0,0,4,692163.2868000002
1235,99,3,0,0,0,0,0,3,704014.1976000001
1236,92,2,0,0,0,0,0,2,658741.5504000001
1237,85,1,0,0,0,0,0,1,668271.3047999998
1238,64,1,0,0,0,0,0,1,483524.8787999999
1239,63,1,0,0,0,0,0,1,483440.3640000001
1247,5,None,None,None,None,None,None,None,56980.3632
1248,7,None,None,None,None,None,None,None,75719.5056
1249,11,None,None,None,None,None,None,None,116114.56320000002
1250,15,None,None,None,None,None,None,None,154776.16439999998
1251,21,None,None,None,None,None,None,None,215308.60560000004
1252,27,5,0,0,0,0,0,5,273000.39719999995
1253,32,5,0,0,0,0,0,5,317338.3416000001
1254,32,5,0,0,0,0,0,5,304756.50839999993
1255,38,2,0,0,0,0,0,2,365155.3632
1256,44,2,0,0,0,0,0,2,426082.70519999985
1257,50,2,0,0,0,0,0,2,487080.3180000001
1258,60,2,0,0,0,0,0,2,594445.2276000001
1259,62,2,0,0,0,0,0,2,605133.306
1260,71,None,None,None,None,None,None,None,696214.9344
1261,75,None,None,None,None,None,None,None,717707.0339999999
1262,77,None,None,None,None,None,None,None,709274.6915999999
1263,73,None,None,None,None,None,None,None,663743.6807999999
1264,84,None,None,None,None,None,None,None,751916.2416000001
1265,88,None,None,None,None,None,None,None,749294.9723999997
1266,91,5,0,0,0,0,0,5,693801.2616000001
1267,93,4,0,0,0,0,0,4,708292.9619999999
1268,106,4,0,0,0,0,0,4,819245.0436000003
1269,118,6,0,0,0,0,0,6,879412.0331999992
1270,120,None,None,None,None,None,None,None,868029.9636000001
1271,108,None,None,None,None,None,None,None,760514.8667999997
1272,106,8,0,0,0,0,0,8,752917.4496
1273,109,8,0,0,0,0,0,8,782302.2443999999
1274,99,None,None,None,None,None,None,None,728545.4208
1275,96,None,None,None,None,None,None,None,712745.4456
1276,86,None,None,None,None,None,None,None,674251.3859999996
1277,76,None,None,None,None,None,None,None,573708.8339999999
1278,62,None,None,None,None,None,None,None,496049.3976
1279,60,1,0,0,0,0,0,1,469772.7131999999
1288,7,None,None,None,None,None,None,None,81515.484
1289,7,None,None,None,None,None,None,None,76038.558
1290,9,None,None,None,None,None,None,None,93594.51719999999
1291,12,None,None,None,None,None,None,None,123522.39120000001
1292,17,None,None,None,None,None,None,None,175503.4332
1293,21,5,0,0,0,0,0,5,214178.808
1294,23,2,0,0,0,0,0,2,230617.2924
1295,31,2,0,0,0,0,0,2,319025.39160000003
1296,31,2,0,0,0,0,0,2,312053.96400000004
1297,36,2,0,0,0,0,0,2,364614.5304
1298,41,2,0,0,0,0,0,2,414782.03399999987
1299,44,None,None,None,None,None,None,None,435300.8664
1300,48,None,None,None,None,None,None,None,468161.0760000001
1301,53,None,None,None,None,None,None,None,505906.7207999999
1302,58,None,None,None,None,None,None,None,535213.2971999999
1303,68,None,None,None,None,None,None,None,621623.214
1304,72,None,None,None,None,None,None,None,648630.5987999999
1305,74,None,None,None,None,None,None,None,608966.2272
1306,83,1,0,0,0,0,0,1,671007.9900000002
1307,89,6,0,0,0,0,0,6,701269.9848000001
1308,96,6,0,0,0,0,0,6,745339.3151999998
1309,106,6,0,0,0,0,0,6,831608.9567999998
1310,108,None,None,None,None,None,None,None,821839.8756
1311,110,None,None,None,None,None,None,None,821997.2987999998
1312,104,8,0,0,0,0,0,8,800507.2116000003
1313,104,None,None,None,None,None,None,None,810605.7756
1314,101,None,None,None,None,None,None,None,778912.7244
1315,99,None,None,None,None,None,None,None,769261.6704000003
1316,82,None,None,None,None,None,None,None,637892.4756
1317,70,None,None,None,None,None,None,None,539281.7724000001
1318,61,None,None,None,None,None,None,None,475410.432
