centroid,nb_destinations,trajets,trajets_ok,nb_station_DRT,DRT,DRT_ok,WALK_to_station_DRT,WALK,somme,somme_moyennée,accessibilite
0,16,14,0,0,0,0,0,14,145302.2196,9081.388725,6.88220732451908e-06
1,27,22,0,0,0,0,0,22,244999.16880000004,9074.04328888889,4.081646500671719e-06
9,102,1,0,0,0,0,0,1,688983.7739999995,6754.742882352936,1.4514129907506367e-06
10,107,None,None,None,None,None,None,None,721314.7643999999,6741.25948037383,1.3863573149397747e-06
11,109,92,4,0,0,0,0,92,738160.9739999997,6772.119027522933,1.35471805638969e-06
12,115,101,7,0,0,0,0,101,800406.0708000001,6960.0527895652185,1.2493658362692167e-06
13,117,103,5,0,0,0,0,103,877897.7171999998,7503.399292307691,1.1390848619466032e-06
14,129,115,6,0,0,0,0,115,1061227.5132000002,8226.569869767443,9.423050077024707e-07
40,18,15,0,0,0,0,0,15,164446.4892,9135.916066666667,6.081005467886875e-06
41,30,24,0,0,0,0,0,24,280990.0296,9366.33432,3.5588451356211395e-06
49,99,None,None,None,None,None,None,None,664830.912,6715.463757575758,1.5041418531393437e-06
50,115,95,0,0,0,0,0,95,752953.2527999996,6547.419589565214,1.3281036987107901e-06
51,117,97,0,0,0,0,0,97,771701.3963999997,6595.738430769228,1.2958380076348407e-06
52,123,108,5,0,0,0,0,108,833655.0288000002,6777.683160975612,1.1995369372862107e-06
89,94,83,5,0,0,0,0,83,652012.14,6936.2993617021275,1.533713774102427e-06
90,105,90,0,0,0,0,0,90,721352.4744000001,6870.023565714287,1.3862848406138355e-06
91,119,18,0,0,0,0,0,18,794773.6200000001,6678.769915966387,1.2582199192771395e-06
92,132,115,0,0,0,0,0,115,920481.7476000008,6973.346572727279,1.0863876471286144e-06
96,206,184,4,150,150,0,0,34,1679365.9643999995,8152.261963106794,5.954628241839342e-07
97,220,200,47,17,17,0,0,183,1653849.8160000003,7517.499163636365,6.046498238991247e-07
98,222,202,49,20,20,0,0,182,1721369.4371999996,7753.916383783782,5.809328191783236e-07
99,239,218,55,32,32,0,0,186,1921966.0920000002,8041.699129707114,5.20300542326113e-07
129,99,89,7,0,0,0,0,89,728471.7684,7358.30069090909,1.3727367941744387e-06
130,110,100,9,0,0,0,0,100,768664.3991999996,6987.858174545451,1.3009578706139724e-06
131,115,105,10,0,0,0,0,105,739430.7264,6429.832403478261,1.352391730958504e-06
132,143,18,0,0,0,0,0,18,994640.2680000002,6955.52634965035,1.0053886135243418e-06
136,244,216,0,184,184,0,0,32,1921073.5523999997,7873.252263934425,5.205422763489189e-07
137,265,239,46,0,0,0,0,239,2000783.0339999988,7550.124656603769,4.998043181127858e-07
138,292,264,11,224,224,0,0,40,2509099.8888000017,8592.80783835617,3.9854929828172705e-07
139,315,290,69,4,4,0,0,286,2518730.338800002,7995.969329523816,3.9702543166110815e-07
176,285,253,0,253,253,0,0,0,2309330.6123999995,8102.9144294736825,4.330259143625771e-07
177,314,282,0,282,282,0,0,0,2604054.103199998,8293.165933757955,3.840165988760171e-07
178,327,300,15,0,0,0,0,300,2714214.0984000005,8300.348924770644,3.6843077360385426e-07
179,353,317,77,4,4,0,0,313,2703583.2756,7658.876134844192,3.6987948883434055e-07
216,321,292,12,5,5,0,0,287,2557167.3144000014,7966.253315887855,3.9105771232440226e-07
217,344,314,96,0,0,0,0,314,2365223.6747999997,6875.650217441859,4.2279299444462003e-07
218,363,325,15,322,322,15,0,3,2911869.5388000016,8021.679170247939,3.4342197913581863e-07
219,387,343,16,339,339,16,0,0,3158139.6660000007,8160.567612403102,3.1664210761982173e-07
260,380,287,0,0,0,0,0,287,2974052.1048,7826.452907368421,3.3624158715512766e-07
261,378,337,152,1,1,0,0,336,2488141.637999999,6582.385285714283,4.0190638054022245e-07
262,379,336,149,1,1,0,0,335,2542376.2836,6708.116843271769,3.933328069690777e-07
263,355,315,140,0,0,0,0,315,2344040.3628,6602.930599436619,4.2661381427983666e-07
298,411,360,117,0,0,0,0,360,2716487.974799998,6609.459792700725,3.6812237318062313e-07
299,406,354,117,0,0,0,0,354,2684910.9119999986,6613.081064039406,3.7245183649505033e-07
300,395,346,152,0,0,0,0,346,2587588.2972000013,6550.856448607598,3.8646024218075504e-07
301,380,333,160,0,0,0,0,333,2301731.8115999983,6057.1889778947325,4.3445548041710036e-07
302,377,330,123,0,0,0,0,330,2480206.1171999983,6578.796066843497,4.0319229642451615e-07
303,380,336,8,0,0,0,0,336,2616246.852000002,6884.8601368421105,3.822269290971322e-07
333,262,236,14,2,2,0,0,234,2168200.8384000002,8275.57571908397,4.612118869661258e-07
334,315,286,12,1,1,0,0,284,2597090.684399999,8244.73233142857,3.8504623885747293e-07
335,376,328,0,0,0,0,0,328,3129904.1196000003,8324.213084042554,3.1949860500129293e-07
336,407,349,0,0,0,0,0,349,3295058.6616,8095.967227518428,3.0348473356599496e-07
338,420,366,12,0,0,0,0,366,3045687.653999999,7251.63727142857,3.2833307732218303e-07
339,420,365,119,0,0,0,0,365,2680928.813999999,6383.1638428571405,3.7300505510550286e-07
340,408,353,151,11,11,0,0,342,2489639.7107999995,6102.058114705881,4.0166454433628413e-07
341,379,327,122,11,11,0,0,316,2262837.678000001,5970.547963060688,4.4192299329390945e-07
342,359,309,80,0,0,0,0,309,2289859.8564000004,6378.439711420614,4.3670794839477576e-07
343,368,322,70,0,0,0,0,322,2226783.5207999996,6051.042176086956,4.4907822905063423e-07
373,272,241,0,241,241,0,0,0,2368272.9864000003,8706.885979411765,4.2224861987726126e-07
374,324,289,0,289,289,0,0,0,2793596.538,8622.211537037037,3.57961497445126e-07
375,392,340,0,0,0,0,0,340,3379592.9615999963,8621.41061632652,2.9589362132135916e-07
376,426,370,12,2,2,0,0,364,3415997.188799997,8018.772743661964,2.927402877492675e-07
377,424,368,142,6,6,0,0,362,2605021.7544000004,6143.919232075473,3.8387395357100355e-07
378,439,380,12,0,0,0,0,380,3143435.8512,7160.446130296127,3.181232407266247e-07
379,435,378,13,0,0,0,0,378,2946210.6132000014,6772.8979613793135,3.3941904747734874e-07
380,400,346,105,11,11,0,0,335,2442792.7848000014,6106.9819620000035,4.0936751009843554e-07
381,376,322,133,0,11,0,-11,311,2076040.6572000005,5521.384726595746,4.816861348701721e-07
382,360,305,105,0,0,0,0,305,2066657.1444000008,5740.714290000003,4.838731972111047e-07
383,349,300,81,0,0,0,0,300,1931528.5464000017,5534.46574899714,5.177246807269858e-07
384,368,325,68,0,0,0,0,325,2101459.2096000016,5710.4869826087,4.7585981942059353e-07
385,380,336,23,0,0,0,0,336,2395813.4100000006,6304.772131578949,4.173947753301872e-07
413,280,247,0,0,0,0,0,247,2493398.0903999982,8904.993179999994,4.010591023752557e-07
414,339,302,0,0,0,0,0,302,2986934.2199999983,8811.015398230084,3.347914370876238e-07
415,405,351,12,1,1,0,0,350,3494902.646399999,8629.389250370368,2.8613100311394136e-07
416,427,371,14,2,2,0,0,367,3447561.080399997,8073.913537236527,2.900601256015968e-07
417,448,384,13,6,6,0,0,378,3402489.832800001,7594.843376785716,2.939024212093157e-07
418,468,407,14,0,0,0,0,407,3318356.0604000017,7090.504402564106,3.0135403850527656e-07
419,448,393,13,0,0,0,0,393,2942136.3612000025,6567.268663392862,3.398890728477766e-07
420,421,360,0,0,0,0,0,360,2752249.7579999985,6537.410351543939,3.6333911814990175e-07
422,348,292,84,0,0,0,0,292,2032100.8464000009,5839.3702482758645,4.92101561677692e-07
423,320,266,71,0,0,0,0,266,1883744.5943999996,5886.701857499998,5.308575286547881e-07
424,351,303,58,0,0,0,0,303,2049967.7519999996,5840.363965811965,4.878125516971548e-07
425,380,335,34,0,0,0,0,335,2284033.1124,6010.61345368421,4.378220239325809e-07
453,277,239,0,0,0,0,0,239,2438732.180399999,8804.087293862813,4.100491263603947e-07
454,376,324,0,0,0,0,0,324,3404542.7976,9054.635100000001,2.937251958485998e-07
455,421,359,0,0,0,0,0,359,3667393.0092,8711.147290261282,2.726732579495587e-07
456,439,377,13,3,3,0,0,374,3570430.268400001,8133.0985612756285,2.8007828884111636e-07
457,456,None,None,None,None,None,None,None,3440598.5796,7545.17232368421,2.9064710016716305e-07
458,454,None,None,None,None,None,None,None,3211431.055199999,7073.636685462553,3.1138765952355865e-07
459,441,384,0,0,0,0,0,384,2916597.7992000016,6613.600451700684,3.428652384892739e-07
460,435,377,0,88,88,0,0,289,2717028.219600001,6246.041884137933,3.6804917695967816e-07
462,367,307,79,0,0,0,0,307,2136460.026000001,5821.416964577659,4.680639880130383e-07
463,337,288,75,0,0,0,0,288,2130689.456400002,6322.520642136504,4.6933165084019e-07
464,331,289,58,0,0,0,0,289,2094272.557200001,6327.107423564958,4.774927678644557e-07
465,359,314,54,0,0,0,0,314,2120011.8131999993,5905.325384958215,4.7169548479570725e-07
495,432,365,0,0,0,0,0,365,3812382.3791999985,8824.959211111107,2.62303174376187e-07
496,435,370,0,370,370,0,0,0,3548858.7587999976,8158.295997241374,2.817807266970911e-07
497,449,None,None,None,None,None,None,None,3449639.305200001,7682.93831893096,2.898853797533544e-07
498,452,392,0,1,1,0,0,391,3213910.1316000014,7110.420645132746,3.111474680538636e-07
499,448,392,101,1,1,0,0,391,2805795.651599999,6262.936722321427,3.564051428441526e-07
500,447,390,68,1,1,0,0,389,2745143.4516000017,6141.260518120809,3.642796879766527e-07
501,430,368,64,0,0,0,0,368,2560898.057999999,5955.576879069765,3.9048801527889655e-07
502,385,332,85,0,0,0,0,332,2315158.0248000016,6013.397467012991,4.319359582749806e-07
503,352,308,97,0,0,0,0,308,2150663.9399999995,6109.840738636362,4.6497269117740463e-07
504,337,296,106,0,0,0,0,296,2067367.028399999,6134.620262314537,4.837070468198052e-07
505,342,302,42,0,0,0,0,302,2226230.7108000014,6509.446522807021,4.4918974262135106e-07
535,432,363,0,0,0,0,0,363,3878053.5695999996,8976.975855555555,2.5786131677988776e-07
536,442,370,0,0,0,0,0,370,3673094.1311999997,8310.167717647058,2.722500334270769e-07
537,464,390,0,0,0,0,0,390,3654732.4883999997,7876.578638793103,2.7361783746798626e-07
540,466,401,71,18,18,0,0,383,2914652.247600002,6254.61855708155,3.430941035327371e-07
541,461,389,0,0,0,0,0,389,2793978.0059999996,6060.689817787418,3.579126241697409e-07
542,409,357,1,0,0,0,0,357,2624473.7783999997,6416.806304156478,3.8102876402508624e-07
549,337,295,15,0,0,0,0,295,2517474.351600001,7470.250301483683,3.9722351068420694e-07
550,309,269,18,0,0,0,0,269,2471647.4951999993,7998.859207766988,4.0458843825506057e-07
551,275,239,24,0,0,0,0,239,2364292.269600001,8597.426434909095,4.229595523607508e-07
552,245,205,0,0,0,0,0,205,2301199.4796,9392.650937142858,4.3455598215840996e-07
580,481,405,0,1,1,0,0,404,3217700.749199998,6689.606547193343,3.1078092027315636e-07
581,499,411,0,0,0,0,0,411,3152881.136399996,6318.399070941876,3.1717021883730575e-07
582,475,405,9,5,5,0,0,400,2922655.02,6152.9579368421055,3.421546481390746e-07
589,318,276,13,0,0,0,0,276,2398597.864799999,7542.760581132073,4.169102352150148e-07
590,302,260,10,0,0,0,0,260,2459275.8132000007,8143.297394701989,4.066237689292783e-07
591,275,237,25,0,0,0,0,237,2335599.206400002,8493.088023272734,4.281556515603375e-07
592,245,208,55,0,0,0,0,208,2210636.416800001,9023.005782857148,4.523584214936378e-07
620,498,413,0,0,0,0,0,413,3500030.563199998,7028.1738216867425,2.857117907809705e-07
621,496,403,0,0,0,0,0,403,3352504.2168000005,6759.081082258065,2.9828448685875484e-07
622,486,418,27,0,0,0,0,418,3171934.605600001,6526.614414814817,3.1526501152782773e-07
629,314,265,87,0,0,0,0,265,2165071.7592,6895.1329910828035,4.618784554141072e-07
630,285,236,14,0,0,0,0,236,2370833.7035999997,8318.714749473684,4.217925527554071e-07
631,269,221,28,0,0,0,0,221,2353058.5883999984,8747.42969665427,4.249787935284547e-07
632,239,193,46,0,0,0,0,193,2118705.5183999995,8864.876646025103,4.7198631018584325e-07
657,459,2,0,2,2,0,0,0,3954578.4731999994,8615.639375163397,2.5287145185686794e-07
658,472,394,0,0,0,0,0,394,3838879.564800003,8133.2194169491595,2.6049267321885826e-07
659,482,399,0,0,0,0,0,399,3682868.5535999984,7640.806127800826,2.715274752400548e-07
660,484,8,0,0,0,0,0,8,3558913.530000003,7353.12712809918,2.809846295984604e-07
664,446,14,0,0,0,0,0,14,3058384.7964000013,6857.365014349779,3.2696997486290527e-07
665,429,363,16,2,2,0,0,358,3003637.92,7001.486993006993,3.3292960957158245e-07
666,408,351,101,3,3,0,0,348,2749791.7020000005,6739.6855441176485,3.636639092599894e-07
667,389,323,18,0,0,0,0,323,2974089.801599997,7645.475068380455,3.362373252690693e-07
669,297,246,85,0,0,0,0,246,2086110.5987999996,7023.941410101009,4.793609699194441e-07
670,273,221,87,0,0,0,0,221,1967864.330399999,7208.294250549447,5.081651130882252e-07
671,251,198,41,0,0,0,0,198,2261764.806,9011.015163346614,4.421326202208136e-07
672,221,171,45,0,0,0,0,171,1966131.3840000003,8896.522099547512,5.086130093531937e-07
697,432,3,0,0,0,0,0,3,3777799.293599999,8744.90577222222,2.647043747649877e-07
698,453,None,None,None,None,None,None,None,3837713.089200003,8471.772823841067,2.6057185015059494e-07
699,466,None,None,None,None,None,None,None,3701520.634799999,7943.177327896994,2.701592395834454e-07
700,476,385,0,0,0,0,0,385,3659568.6252000015,7688.169380672272,2.7325625023505286e-07
704,459,12,0,0,0,0,0,12,3377160.7295999974,7357.648648366007,2.9610672398125495e-07
705,443,None,None,None,None,None,None,None,3310867.1856,7473.740825282167,3.0203567341792314e-07
706,434,358,25,3,3,0,0,355,3230599.324800002,7443.777246082954,3.095400882193608e-07
707,410,None,None,None,None,None,None,None,3252356.1684000026,7932.576020487812,3.0746940009708414e-07
737,362,297,8,0,0,0,0,297,3221519.384400001,8899.224818784533,3.104125354149459e-07
738,395,329,4,0,0,0,0,329,3479970.128400004,8810.050957974694,2.873587884674668e-07
739,421,354,1,0,0,0,0,354,3600315.864000002,8551.819154394303,2.7775340769378656e-07
740,448,6,0,0,0,0,0,6,3641504.146800004,8128.357470535723,2.746117976767256e-07
744,455,12,0,12,12,0,0,0,3592692.417600004,7896.027291428581,2.7834278133612715e-07
745,440,358,18,1,1,0,0,357,3469845.008400002,7886.011382727277,2.881973107095971e-07
746,426,352,117,3,3,0,0,349,3007634.4479999985,7060.174760563376,3.324872145499514e-07
747,393,None,None,None,None,None,None,None,3189687.586800002,8116.253401526723,3.1351032751242966e-07
777,295,234,2,0,0,0,0,234,2678007.7487999997,9077.992368813559,3.73411914303868e-07
778,334,275,1,0,0,0,0,275,3040892.1168000028,9104.46741556887,3.2885086401957657e-07
779,362,299,105,0,0,0,0,299,2719763.610000001,7513.159143646411,3.6767901310364236e-07
780,386,316,2,0,0,0,0,316,3269337.018000002,8469.785020725394,3.0587241220293166e-07
784,439,9,0,0,0,0,0,9,3616744.3836000008,8238.597684738043,2.7649175444481635e-07
785,431,337,0,0,0,0,0,337,3609725.3891999964,8375.232921577717,2.7702938372872306e-07
786,408,320,0,0,0,0,0,320,3460981.7688,8482.798452941177,2.889353561509e-07
787,373,None,None,None,None,None,None,None,3173883.5484000007,8509.071175335122,3.1507142109990584e-07
820,360,254,0,0,0,0,0,254,3163408.0836000023,8787.244676666673,3.161147640686263e-07
821,411,None,None,None,None,None,None,None,3606309.8531999993,8774.476528467152,2.772917582532922e-07
822,435,None,None,None,None,None,None,None,3768928.3248,8664.20304551724,2.653274124158531e-07
823,432,None,None,None,None,None,None,None,3730652.713200002,8635.77016944445,2.680496087083487e-07
860,321,228,0,0,0,0,0,228,2835645.1860000016,8833.78562616823,3.526534296100046e-07
861,361,1,0,0,0,0,0,1,3252385.2839999986,9009.377518005536,3.074666476076702e-07
862,404,311,0,0,0,0,0,311,3669976.532400001,9084.100327722774,2.7248130639844847e-07
863,411,9,0,0,0,0,0,9,3706370.1264000004,9017.932181021899,2.6980575762715327e-07
870,228,154,0,0,0,0,0,154,1893170.6724,8303.380142105263,5.28214394285057e-07
871,207,9,0,0,0,0,0,9,1702273.0848,8223.541472463769,5.874498098626108e-07
872,194,130,20,0,0,0,0,130,1568927.2943999993,8087.254094845357,6.373781650490231e-07
873,172,117,17,0,0,0,0,117,1399888.0391999998,8138.883948837208,7.143428417114517e-07
900,244,161,0,0,0,0,0,161,2021689.1484,8285.611263934426,4.94635884449109e-07
901,278,179,0,0,0,0,0,179,2454633.7392000016,8829.61776690648,4.073927543772431e-07
902,330,237,0,0,0,0,0,237,3002048.906399999,9097.117898181814,3.3310583244267706e-07
903,325,8,0,0,0,0,0,8,2893657.912799998,8903.56280861538,3.4558335163826165e-07
910,199,154,3,0,0,0,0,154,1581074.6688,7945.098838190956,6.324811975888383e-07
911,198,120,0,0,0,0,0,120,1638647.6940000013,8275.99845454546,6.102593032422742e-07
912,186,8,0,0,0,0,0,8,1517460.7331999992,8158.391038709673,6.589956353540789e-07
913,160,102,13,0,0,0,0,102,1246193.5427999997,7788.709642499998,8.024435736949481e-07
940,188,None,None,None,None,None,None,None,1432318.3547999999,7618.714653191489,6.981688090840908e-07
941,213,133,0,0,0,0,0,133,1768732.1052000015,8303.906597183106,5.653767447653831e-07
942,234,142,0,0,0,0,0,142,2009233.7543999995,8586.469035897433,4.977021701980224e-07
943,270,168,0,0,0,0,0,168,2405864.5488,8910.60944,4.156509976834653e-07
950,195,133,0,0,0,0,0,133,1590563.9904,8156.738412307693,6.287078080703417e-07
951,179,134,3,0,0,0,0,134,1450730.2583999997,8104.638315083797,6.893080186408278e-07
952,157,6,0,0,0,0,0,6,1227402.3827999996,7817.84957197452,8.147287425976475e-07
953,153,94,0,0,0,0,0,94,1190001.7656000003,7777.789317647061,8.40334887651027e-07
990,173,128,3,0,0,0,0,128,1345139.2752,7775.371532947977,7.434174426669063e-07
991,161,106,0,0,0,0,0,106,1216136.9364,7553.645567701863,8.222758227870234e-07
992,152,96,0,0,0,0,0,96,1144266.3047999998,7528.067794736841,8.739224390381614e-07
993,142,89,0,0,0,0,0,89,1090978.6991999997,7682.948585915491,9.166081800985545e-07
994,134,79,0,0,0,0,0,79,1064868.6287999998,7946.780811940297,9.390829750773105e-07
995,130,75,0,0,0,0,0,75,1078709.1768000002,8297.76289846154,9.270339230509824e-07
996,110,64,0,0,0,0,0,64,901418.8452,8194.716774545454,1.1093622075075738e-06
997,106,23,0,0,0,0,0,23,875391.8664,8258.413833962264,1.1423455464721689e-06
1024,194,106,0,0,0,0,0,106,1628230.1567999998,8392.938952577319,6.141637874864843e-07
1025,211,124,0,0,0,0,0,124,1840393.6019999997,8722.244559241704,5.433620280538229e-07
1026,210,125,0,0,0,0,0,125,1773888.1799999997,8447.08657142857,5.637333915827773e-07
1027,176,102,0,0,0,0,0,102,1394792.8008000006,7924.959095454548,7.169523669941784e-07
1034,130,75,0,0,0,0,0,75,970172.5404,7462.865695384616,1.0307444896221265e-06
1035,120,67,0,0,0,0,0,67,907327.5588000002,7561.062990000002,1.1021378005122704e-06
1036,102,57,0,0,0,0,0,57,788441.0495999998,7729.814211764704,1.2683256414760881e-06
1037,93,22,0,0,0,0,0,22,718829.1887999998,7729.34611612903,1.3911510767521582e-06
1064,183,2,0,0,0,0,0,2,1551825.1272,8479.918727868853,6.444025054577683e-07
1065,179,104,0,0,0,0,0,104,1516156.1652,8470.146174301675,6.59562664422558e-07
1066,179,107,7,0,0,0,0,107,1465186.3896000008,8185.398824581011,6.825070223816386e-07
1067,147,83,1,0,0,0,0,83,1173904.9667999996,7985.7480734693845,8.518577127464969e-07
1074,122,None,None,None,None,None,None,None,837545.2463999998,6865.124970491802,1.1939653461090913e-06
1075,111,None,None,None,None,None,None,None,775729.3067999997,6988.552313513511,1.289109475733424e-06
1076,95,None,None,None,None,None,None,None,676752.9648000004,7123.715418947373,1.4776440621808405e-06
1077,92,None,None,None,None,None,None,None,657494.2776,7146.676930434783,1.520925784556212e-06
1104,169,None,None,None,None,None,None,None,1442895.8676000002,8537.845370414203,6.930507061908228e-07
1105,150,None,None,None,None,None,None,None,1251683.8307999994,8344.558871999996,7.989237980016579e-07
1106,143,None,None,None,None,None,None,None,1145560.0032000002,8010.909113286714,8.729355050862514e-07
1107,130,None,None,None,None,None,None,None,1004589.6792000001,7727.612916923078,9.954312897145677e-07
1111,130,None,None,None,None,None,None,None,853509.6755999995,6565.459043076919,1.1716328807837132e-06
1112,131,None,None,None,None,None,None,None,844377.6287999994,6445.630754198469,1.1843042329545915e-06
1113,119,None,None,None,None,None,None,None,752991.0516000005,6327.655895798323,1.3280370302875979e-06
1114,114,None,None,None,None,None,None,None,700821.4415999999,6147.556505263157,1.426896982085715e-06
1115,109,None,None,None,None,None,None,None,660398.6328000003,6058.703053211011,1.5142369325631947e-06
1116,103,None,None,None,None,None,None,None,678825.366,6590.537533980583,1.473132929449192e-06
1117,92,None,None,None,None,None,None,None,663432.4776000001,7211.222582608697,1.5073123999258366e-06
1144,138,None,None,None,None,None,None,None,1185746.9988,8592.369556521739,8.433502264918404e-07
1145,119,None,None,None,None,None,None,None,960630.3023999998,8072.523549579831,1.0409831935362028e-06
1146,126,None,None,None,None,None,None,None,1016789.4144000006,8069.757257142862,9.834878155080835e-07
1147,118,None,None,None,None,None,None,None,929824.0524,7879.864850847458,1.0754722868470293e-06
1151,113,None,None,None,None,None,None,None,722592.0707999999,6394.62009557522,1.3839066887253204e-06
1152,107,None,None,None,None,None,None,None,698735.4552000002,6530.237899065422,1.4311568027040624e-06
1153,107,None,None,None,None,None,None,None,648330.8688000003,6059.166998130844,1.5424223157088082e-06
1154,103,None,None,None,None,None,None,None,619571.2811999999,6015.255157281552,1.6140192909896939e-06
1191,108,None,None,None,None,None,None,None,728025.8556000004,6740.980144444447,1.3735775897352614e-06
1192,97,None,None,None,None,None,None,None,660567.3276000001,6809.972449484537,1.5138502287620557e-06
1193,99,None,None,None,None,None,None,None,627177.1788,6335.123018181818,1.5944457703536582e-06
1194,99,None,None,None,None,None,None,None,642013.9836,6484.989733333334,1.5575984722211896e-06
1195,101,None,None,None,None,None,None,None,677687.1564,6709.773825742574,1.4756071301574987e-06
1196,96,None,None,None,None,None,None,None,681658.0547999998,7100.604737499998,1.4670111985890088e-06
1197,88,None,None,None,None,None,None,None,656899.6560000001,7464.768818181819,1.5223025173878305e-06
1198,76,None,None,None,None,None,None,None,589449.7176000004,7755.917336842111,1.696497547019945e-06
1231,111,None,None,None,None,None,None,None,753556.0571999998,6788.793308108106,1.3270412870353877e-06
1232,101,None,None,None,None,None,None,None,671943.9432,6652.910328712871,1.488219382167057e-06
1233,101,None,None,None,None,None,None,None,688853.5835999999,6820.3325108910885,1.4516873016380722e-06
1234,97,None,None,None,None,None,None,None,692163.2868000002,7135.703987628868,1.4447457978061597e-06
1235,99,None,None,None,None,None,None,None,704014.1976000001,7111.254521212122,1.4204258996608621e-06
1236,92,None,None,None,None,None,None,None,658741.5504000001,7160.234243478261,1.5180460370122114e-06
1237,85,None,None,None,None,None,None,None,668271.3047999998,7862.015350588233,1.4963982334978155e-06
1238,64,None,None,None,None,None,None,None,483524.8787999999,7555.076231249998,2.068145909020804e-06
1275,96,None,None,None,None,None,None,None,712745.4456,7424.4317249999995,1.4030254506336196e-06
1276,86,None,None,None,None,None,None,None,674251.3859999996,7840.132395348833,1.4831263543001463e-06
1277,76,None,None,None,None,None,None,None,573708.8339999999,7548.80044736842,1.7430444517087568e-06
1278,62,None,None,None,None,None,None,None,496049.3976,8000.796735483871,2.015928262060649e-06
1315,99,None,None,None,None,None,None,None,769261.6704000003,7770.319903030306,1.2999477791217915e-06
1316,82,None,None,None,None,None,None,None,637892.4756,7779.176531707317,1.5676623228066809e-06
1317,70,None,None,None,None,None,None,None,539281.7724000001,7704.025320000002,1.8543181898205759e-06
1318,61,None,None,None,None,None,None,None,475410.432,7793.613639344262,2.103445639156694e-06
