centroid_id,centroid_lon,centroid_lat,distance,stop_id,departure_time,walking_time
0,-1.17697233705661,45.84220343171732,40158.442,383,'08:30:00',48190.13
1,-1.17697233705661,45.833057630182566,39358.843,383,'08:30:00',47230.612
2,-1.17697233705661,45.82391182864781,38569.463,383,'08:30:00',46283.356
3,-1.17697233705661,45.81476602711305,37790.94,383,'08:30:00',45349.128
4,-1.17697233705661,45.8056202255783,37023.96,383,'08:30:00',44428.752
5,-1.17697233705661,45.79647442404353,36269.255,383,'08:30:00',43523.106
6,-1.17697233705661,45.78732862250879,35527.606,383,'08:30:00',42633.127
7,-1.17697233705661,45.77818282097402,34799.849,383,'08:30:00',41759.819
8,-1.17697233705661,45.76903701943926,34086.874,383,'08:30:00',40904.249
9,-1.17697233705661,45.75989121790451,33389.626,383,'08:30:00',40067.551
10,-1.17697233705661,45.75074541636975,32709.111,383,'08:30:00',39250.933
11,-1.17697233705661,45.741599614835,32046.397,383,'08:30:00',38455.676
12,-1.17697233705661,45.73245381330023,31402.608,383,'08:30:00',37683.13
13,-1.17697233705661,45.72330801176548,30778.933,383,'08:30:00',36934.72
14,-1.17697233705661,45.71416221023072,30176.619,383,'08:30:00',36211.943
15,-1.17697233705661,45.70501640869597,29596.97,383,'08:30:00',35516.364
16,-1.17697233705661,45.69587060716121,29041.342,383,'08:30:00',34849.61
17,-1.17697233705661,45.68672480562645,28511.14,383,'08:30:00',34213.368
18,-1.17697233705661,45.6775790040917,28007.808,383,'08:30:00',33609.37
19,-1.17697233705661,45.66843320255693,27532.818,383,'08:30:00',33039.382
20,-1.17697233705661,45.65928740102219,27087.663,383,'08:30:00',32505.196
21,-1.17697233705661,45.65014159948743,26673.836,383,'08:30:00',32008.603
22,-1.17697233705661,45.64099579795268,26292.815,383,'08:30:00',31551.378
23,-1.17697233705661,45.63184999641791,25946.047,383,'08:30:00',31135.256
24,-1.17697233705661,45.62270419488316,25634.919,383,'08:30:00',30761.903
25,-1.17697233705661,45.613558393348406,25360.746,383,'08:30:00',30432.895
40,-1.1640647043452097,45.84220343171732,39553.534,383,'08:30:00',47464.241
41,-1.1640647043452097,45.833057630182566,38741.351,383,'08:30:00',46489.621
42,-1.1640647043452097,45.82391182864781,37939.021,383,'08:30:00',45526.825
43,-1.1640647043452097,45.81476602711305,37147.181,383,'08:30:00',44576.617
44,-1.1640647043452097,45.8056202255783,36366.518,383,'08:30:00',43639.822
45,-1.1640647043452097,45.79647442404353,35597.767,383,'08:30:00',42717.32
46,-1.1640647043452097,45.78732862250879,34841.715,383,'08:30:00',41810.058
47,-1.1640647043452097,45.77818282097402,34099.207,383,'08:30:00',40919.048
48,-1.1640647043452097,45.76903701943926,33371.147,383,'08:30:00',40045.376
49,-1.1640647043452097,45.75989121790451,32658.502,383,'08:30:00',39190.202
50,-1.1640647043452097,45.75074541636975,31962.302,383,'08:30:00',38354.762
51,-1.1640647043452097,45.741599614835,31283.645,383,'08:30:00',37540.374
52,-1.1640647043452097,45.73245381330023,30623.697,383,'08:30:00',36748.436
53,-1.1640647043452097,45.72330801176548,29983.693,383,'08:30:00',35980.432
54,-1.1640647043452097,45.71416221023072,29364.938,383,'08:30:00',35237.926
55,-1.1640647043452097,45.70501640869597,28768.802,383,'08:30:00',34522.562
56,-1.1640647043452097,45.69587060716121,28196.72,383,'08:30:00',33836.064
57,-1.1640647043452097,45.68672480562645,27650.185,383,'08:30:00',33180.222
58,-1.1640647043452097,45.6775790040917,27130.74,383,'08:30:00',32556.888
59,-1.1640647043452097,45.66843320255693,26639.97,383,'08:30:00',31967.964
60,-1.1640647043452097,45.65928740102219,26179.487,383,'08:30:00',31415.384
61,-1.1640647043452097,45.65014159948743,25750.916,383,'08:30:00',30901.099
62,-1.1640647043452097,45.64099579795268,25355.875,383,'08:30:00',30427.05
63,-1.1640647043452097,45.63184999641791,24995.954,383,'08:30:00',29995.145
64,-1.1640647043452097,45.62270419488316,24672.69,383,'08:30:00',29607.228
65,-1.1640647043452097,45.613558393348406,24387.539,383,'08:30:00',29265.047
66,-1.1640647043452097,45.604412591813634,24141.853,383,'08:30:00',28970.224
80,-1.15115707163381,45.84220343171732,38965.174,383,'08:30:00',46758.209
81,-1.15115707163381,45.833057630182566,38140.365,383,'08:30:00',45768.438
82,-1.15115707163381,45.82391182864781,37325.017,383,'08:30:00',44790.02
83,-1.15115707163381,45.81476602711305,36519.764,383,'08:30:00',43823.717
84,-1.15115707163381,45.8056202255783,35725.288,383,'08:30:00',42870.346
85,-1.15115707163381,45.79647442404353,34942.323,383,'08:30:00',41930.788
86,-1.15115707163381,45.78732862250879,34171.662,383,'08:30:00',41005.994
87,-1.15115707163381,45.77818282097402,33414.155,383,'08:30:00',40096.986
88,-1.15115707163381,45.76903701943926,32670.717,383,'08:30:00',39204.86
89,-1.15115707163381,45.75989121790451,31942.331,383,'08:30:00',38330.797
90,-1.15115707163381,45.75074541636975,31230.049,383,'08:30:00',37476.059
91,-1.15115707163381,45.741599614835,30534.998,383,'08:30:00',36641.998
92,-1.15115707163381,45.73245381330023,29858.381,383,'08:30:00',35830.057
93,-1.15115707163381,45.72330801176548,29201.48,383,'08:30:00',35041.776
94,-1.15115707163381,45.71416221023072,28565.654,383,'08:30:00',34278.785
95,-1.15115707163381,45.70501640869597,27952.343,383,'08:30:00',33542.812
96,-1.15115707163381,45.69587060716121,27363.058,383,'08:30:00',32835.67
97,-1.15115707163381,45.68672480562645,26799.386,383,'08:30:00',32159.263
98,-1.15115707163381,45.6775790040917,26262.975,383,'08:30:00',31515.57
99,-1.15115707163381,45.66843320255693,25755.529,383,'08:30:00',30906.635
100,-1.15115707163381,45.65928740102219,25278.791,383,'08:30:00',30334.549
101,-1.15115707163381,45.65014159948743,24834.53,383,'08:30:00',29801.436
102,-1.15115707163381,45.64099579795268,24424.518,383,'08:30:00',29309.422
103,-1.15115707163381,45.63184999641791,24050.506,383,'08:30:00',28860.607
104,-1.15115707163381,45.62270419488316,23714.199,383,'08:30:00',28457.039
105,-1.15115707163381,45.613558393348406,23417.219,383,'08:30:00',28100.663
106,-1.15115707163381,45.604412591813634,23161.079,383,'08:30:00',27793.295
120,-1.1382494389224096,45.84220343171732,38394.122,383,'08:30:00',46072.946
121,-1.1382494389224096,45.833057630182566,37556.678,383,'08:30:00',45068.014
122,-1.1382494389224096,45.82391182864781,36728.277,383,'08:30:00',44073.932
123,-1.1382494389224096,45.81476602711305,35909.544,383,'08:30:00',43091.453
124,-1.1382494389224096,45.8056202255783,35101.156,383,'08:30:00',42121.387
125,-1.1382494389224096,45.79647442404353,34303.844,383,'08:30:00',41164.613
126,-1.1382494389224096,45.78732862250879,33518.398,383,'08:30:00',40222.078
127,-1.1382494389224096,45.77818282097402,32745.672,383,'08:30:00',39294.806
128,-1.1382494389224096,45.76903701943926,31986.588,383,'08:30:00',38383.906
129,-1.1382494389224096,45.75989121790451,31242.14,383,'08:30:00',37490.568
130,-1.1382494389224096,45.75074541636975,30513.4,383,'08:30:00',36616.08
131,-1.1382494389224096,45.741599614835,29801.518,383,'08:30:00',35761.822
132,-1.1382494389224096,45.73245381330023,29107.733,383,'08:30:00',34929.28
133,-1.1382494389224096,45.72330801176548,28433.368,383,'08:30:00',34120.042
134,-1.1382494389224096,45.71416221023072,27779.837,383,'08:30:00',33335.804
135,-1.1382494389224096,45.70501640869597,27148.646,383,'08:30:00',32578.375
136,-1.1382494389224096,45.69587060716121,26541.388,383,'08:30:00',31849.666
137,-1.1382494389224096,45.68672480562645,25959.742,383,'08:30:00',31151.69
138,-1.1382494389224096,45.6775790040917,25405.467,383,'08:30:00',30486.56
139,-1.1382494389224096,45.66843320255693,24880.393,383,'08:30:00',29856.472
140,-1.1382494389224096,45.65928740102219,24386.405,383,'08:30:00',29263.686
141,-1.1382494389224096,45.65014159948743,23925.429,383,'08:30:00',28710.515
142,-1.1382494389224096,45.64099579795268,23499.407,383,'08:30:00',28199.288
143,-1.1382494389224096,45.63184999641791,23110.273,383,'08:30:00',27732.328
144,-1.1382494389224096,45.62270419488316,22759.918,383,'08:30:00',27311.902
145,-1.1382494389224096,45.613558393348406,22450.157,383,'08:30:00',26940.188
146,-1.1382494389224096,45.604412591813634,22182.692,383,'08:30:00',26619.23
147,-1.1382494389224096,45.59526679027889,21959.067,383,'08:30:00',26350.88
160,-1.1253418062110097,45.84220343171732,37841.163,383,'08:30:00',45409.396
161,-1.1253418062110097,45.833057630182566,36991.109,383,'08:30:00',44389.331
162,-1.1253418062110097,45.82391182864781,36149.654,383,'08:30:00',43379.585
163,-1.1253418062110097,45.81476602711305,35317.413,383,'08:30:00',42380.896
164,-1.1253418062110097,45.8056202255783,34495.051,383,'08:30:00',41394.061
165,-1.1253418062110097,45.79647442404353,33683.293,383,'08:30:00',40419.952
166,-1.1253418062110097,45.78732862250879,32882.923,383,'08:30:00',39459.508
167,-1.1253418062110097,45.77818282097402,32094.794,383,'08:30:00',38513.753
168,-1.1253418062110097,45.76903701943926,31319.829,383,'08:30:00',37583.795
169,-1.1253418062110097,45.75989121790451,30559.03,383,'08:30:00',36670.836
170,-1.1253418062110097,45.75074541636975,29813.481,383,'08:30:00',35776.177
171,-1.1253418062110097,45.741599614835,29084.354,383,'08:30:00',34901.225
172,-1.1253418062110097,45.73245381330023,28372.916,383,'08:30:00',34047.499
173,-1.1253418062110097,45.72330801176548,27680.531,383,'08:30:00',33216.637
174,-1.1253418062110097,45.71416221023072,27008.663,383,'08:30:00',32410.396
175,-1.1253418062110097,45.70501640869597,26358.881,383,'08:30:00',31630.657
176,-1.1253418062110097,45.69587060716121,25732.859,383,'08:30:00',30879.431
177,-1.1253418062110097,45.68672480562645,25132.371,383,'08:30:00',30158.845
178,-1.1253418062110097,45.6775790040917,24559.29,383,'08:30:00',29471.148
179,-1.1253418062110097,45.66843320255693,24015.579,383,'08:30:00',28818.695
180,-1.1253418062110097,45.65928740102219,23503.275,383,'08:30:00',28203.93
181,-1.1253418062110097,45.65014159948743,23024.475,383,'08:30:00',27629.37
182,-1.1253418062110097,45.64099579795268,22581.31,383,'08:30:00',27097.572
183,-1.1253418062110097,45.63184999641791,22175.916,383,'08:30:00',26611.099
184,-1.1253418062110097,45.62270419488316,21810.4,383,'08:30:00',26172.48
185,-1.1253418062110097,45.613558393348406,21486.795,383,'08:30:00',25784.154
186,-1.1253418062110097,45.604412591813634,21207.021,383,'08:30:00',25448.425
187,-1.1253418062110097,45.59526679027889,20972.832,383,'08:30:00',25167.398
200,-1.1124341734996095,45.84220343171732,37307.1,383,'08:30:00',44768.52
201,-1.1124341734996095,45.833057630182566,36444.502,383,'08:30:00',43733.402
202,-1.1124341734996095,45.82391182864781,35590.033,383,'08:30:00',42708.04
203,-1.1124341734996095,45.81476602711305,34744.295,383,'08:30:00',41693.154
204,-1.1124341734996095,45.8056202255783,33907.94,383,'08:30:00',40689.528
205,-1.1124341734996095,45.79647442404353,33081.679,383,'08:30:00',39698.015
206,-1.1124341734996095,45.78732862250879,32266.288,383,'08:30:00',38719.546
207,-1.1124341734996095,45.77818282097402,31462.612,383,'08:30:00',37755.134
208,-1.1124341734996095,45.76903701943926,30671.571,383,'08:30:00',36805.885
209,-1.1124341734996095,45.75989121790451,29894.169,383,'08:30:00',35873.003
210,-1.1124341734996095,45.75074541636975,29131.497,383,'08:30:00',34957.796
211,-1.1124341734996095,45.741599614835,28384.742,383,'08:30:00',34061.69
212,-1.1124341734996095,45.73245381330023,27655.194,383,'08:30:00',33186.233
213,-1.1124341734996095,45.72330801176548,26944.25,383,'08:30:00',32333.1
214,-1.1124341734996095,45.71416221023072,26253.421,383,'08:30:00',31504.105
215,-1.1124341734996095,45.70501640869597,25584.338,383,'08:30:00',30701.206
216,-1.1124341734996095,45.69587060716121,24938.748,383,'08:30:00',29926.498
217,-1.1124341734996095,45.68672480562645,24318.525,383,'08:30:00',29182.23
218,-1.1124341734996095,45.6775790040917,23725.657,383,'08:30:00',28470.788
219,-1.1124341734996095,45.66843320255693,23162.244,383,'08:30:00',27794.693
220,-1.1124341734996095,45.65928740102219,22630.486,383,'08:30:00',27156.583
221,-1.1124341734996095,45.65014159948743,22132.665,383,'08:30:00',26559.198
222,-1.1124341734996095,45.64099579795268,21671.119,383,'08:30:00',26005.343
223,-1.1124341734996095,45.63184999641791,21248.213,383,'08:30:00',25497.856
224,-1.1124341734996095,45.62270419488316,20866.295,383,'08:30:00',25039.554
225,-1.1124341734996095,45.613558393348406,20527.654,383,'08:30:00',24633.185
226,-1.1124341734996095,45.604412591813634,20234.461,383,'08:30:00',24281.353
227,-1.1124341734996095,45.59526679027889,19988.716,383,'08:30:00',23986.459
228,-1.1124341734996095,45.58612098874412,19792.188,383,'08:30:00',23750.626
240,-1.0995265407882098,45.84220343171732,36792.757,383,'08:30:00',44151.308
241,-1.0995265407882098,45.833057630182566,35917.721,383,'08:30:00',43101.265
242,-1.0995265407882098,45.82391182864781,35050.325,383,'08:30:00',42060.39
243,-1.0995265407882098,45.81476602711305,34191.148,383,'08:30:00',41029.378
244,-1.0995265407882098,45.8056202255783,33340.826,383,'08:30:00',40008.991
245,-1.0995265407882098,45.79647442404353,32500.055,383,'08:30:00',39000.066
246,-1.0995265407882098,45.78732862250879,31669.594,383,'08:30:00',38003.513
247,-1.0995265407882098,45.77818282097402,30850.277,383,'08:30:00',37020.332
248,-1.0995265407882098,45.76903701943926,30043.014,383,'08:30:00',36051.617
249,-1.0995265407882098,45.75989121790451,29248.803,383,'08:30:00',35098.564
250,-1.0995265407882098,45.75074541636975,28468.738,383,'08:30:00',34162.486
251,-1.0995265407882098,45.741599614835,27704.012,383,'08:30:00',33244.814
252,-1.0995265407882098,45.73245381330023,26955.931,383,'08:30:00',32347.117
253,-1.0995265407882098,45.72330801176548,26225.92,383,'08:30:00',31471.104
254,-1.0995265407882098,45.71416221023072,25515.528,383,'08:30:00',30618.634
255,-1.0995265407882098,45.70501640869597,24826.44,383,'08:30:00',29791.728
256,-1.0995265407882098,45.69587060716121,24160.479,383,'08:30:00',28992.575
257,-1.0995265407882098,45.68672480562645,23519.609,383,'08:30:00',28223.531
258,-1.0995265407882098,45.6775790040917,22905.936,383,'08:30:00',27487.123
259,-1.0995265407882098,45.66843320255693,22321.703,383,'08:30:00',26786.044
260,-1.0995265407882098,45.65928740102219,21769.281,383,'08:30:00',26123.137
261,-1.0995265407882098,45.65014159948743,21251.149,383,'08:30:00',25501.379
262,-1.0995265407882098,45.64099579795268,20769.874,383,'08:30:00',24923.849
263,-1.0995265407882098,45.63184999641791,20328.074,383,'08:30:00',24393.689
264,-1.0995265407882098,45.62270419488316,19928.374,383,'08:30:00',23914.049
265,-1.0995265407882098,45.613558393348406,19573.353,383,'08:30:00',23488.024
266,-1.0995265407882098,45.604412591813634,19265.481,383,'08:30:00',23118.577
267,-1.0995265407882098,45.59526679027889,19007.049,383,'08:30:00',22808.459
268,-1.0995265407882098,45.58612098874412,18800.096,383,'08:30:00',22560.115
280,-1.0866189080768094,45.84220343171732,36298.971,383,'08:30:00',43558.765
281,-1.0866189080768094,45.833057630182566,35411.653,383,'08:30:00',42493.984
282,-1.0866189080768094,45.82391182864781,34531.461,383,'08:30:00',41437.753
283,-1.0866189080768094,45.81476602711305,33658.955,383,'08:30:00',40390.746
284,-1.0866189080768094,45.8056202255783,32794.747,383,'08:30:00',39353.696
285,-1.0866189080768094,45.79647442404353,31939.512,383,'08:30:00',38327.414
286,-1.0866189080768094,45.78732862250879,31093.989,383,'08:30:00',37312.787
287,-1.0866189080768094,45.77818282097402,30258.992,383,'08:30:00',36310.79
288,-1.0866189080768094,45.76903701943926,29435.418,383,'08:30:00',35322.502
289,-1.0866189080768094,45.75989121790451,28624.251,383,'08:30:00',34349.101
290,-1.0866189080768094,45.75074541636975,27826.577,383,'08:30:00',33391.892
291,-1.0866189080768094,45.741599614835,27043.59,383,'08:30:00',32452.308
292,-1.0866189080768094,45.73245381330023,26276.602,383,'08:30:00',31531.922
293,-1.0866189080768094,45.72330801176548,25527.055,383,'08:30:00',30632.466
294,-1.0866189080768094,45.71416221023072,24796.531,383,'08:30:00',29755.837
295,-1.0866189080768094,45.70501640869597,24086.76,383,'08:30:00',28904.112
296,-1.0866189080768094,45.69587060716121,23399.631,383,'08:30:00',28079.557
297,-1.0866189080768094,45.68672480562645,22737.197,383,'08:30:00',27284.636
298,-1.0866189080768094,45.6775790040917,22101.677,383,'08:30:00',26522.012
299,-1.0866189080768094,45.66843320255693,21495.459,383,'08:30:00',25794.551
300,-1.0866189080768094,45.65928740102219,20921.09,383,'08:30:00',25105.308
301,-1.0866189080768094,45.65014159948743,20381.262,383,'08:30:00',24457.514
302,-1.0866189080768094,45.64099579795268,19878.79,383,'08:30:00',23854.548
303,-1.0866189080768094,45.63184999641791,19416.573,383,'08:30:00',23299.888
304,-1.0866189080768094,45.62270419488316,18997.551,383,'08:30:00',22797.061
305,-1.0866189080768094,45.613558393348406,18624.637,383,'08:30:00',22349.564
306,-1.0866189080768094,45.604412591813634,18300.651,383,'08:30:00',21960.781
307,-1.0866189080768094,45.59526679027889,18028.231,383,'08:30:00',21633.877
308,-1.0866189080768094,45.58612098874412,17809.742,383,'08:30:00',21371.69
309,-1.0866189080768094,45.57697518720938,17647.188,383,'08:30:00',21176.626
320,-1.0737112753654097,45.84220343171732,35826.594,383,'08:30:00',42991.913
321,-1.0737112753654097,45.833057630182566,34927.197,383,'08:30:00',41912.636
322,-1.0737112753654097,45.82391182864781,34034.397,383,'08:30:00',40841.276
323,-1.0737112753654097,45.81476602711305,33148.726,383,'08:30:00',39778.471
324,-1.0737112753654097,45.8056202255783,32270.771,383,'08:30:00',38724.925
325,-1.0737112753654097,45.79647442404353,31401.18,383,'08:30:00',37681.416
326,-1.0737112753654097,45.78732862250879,30540.665,383,'08:30:00',36648.798
327,-1.0737112753654097,45.77818282097402,29690.017,383,'08:30:00',35628.02
328,-1.0737112753654097,45.76903701943926,28850.109,383,'08:30:00',34620.131
329,-1.0737112753654097,45.75989121790451,28021.904,383,'08:30:00',33626.285
330,-1.0737112753654097,45.75074541636975,27206.474,383,'08:30:00',32647.769
331,-1.0737112753654097,45.741599614835,26404.999,383,'08:30:00',31685.999
332,-1.0737112753654097,45.73245381330023,25618.791,383,'08:30:00',30742.549
333,-1.0737112753654097,45.72330801176548,24849.298,383,'08:30:00',29819.158
334,-1.0737112753654097,45.71416221023072,24098.122,383,'08:30:00',28917.746
335,-1.0737112753654097,45.70501640869597,23367.028,383,'08:30:00',28040.434
336,-1.0737112753654097,45.69587060716121,22657.96,383,'08:30:00',27189.552
337,-1.0737112753654097,45.68672480562645,21973.05,383,'08:30:00',26367.66
338,-1.0737112753654097,45.6775790040917,21314.629,383,'08:30:00',25577.555
339,-1.0737112753654097,45.66843320255693,20685.223,383,'08:30:00',24822.268
340,-1.0737112753654097,45.65928740102219,20087.562,383,'08:30:00',24105.074
341,-1.0737112753654097,45.65014159948743,19524.56,383,'08:30:00',23429.472
342,-1.0737112753654097,45.64099579795268,18999.298,383,'08:30:00',22799.158
343,-1.0737112753654097,45.63184999641791,18514.988,383,'08:30:00',22217.986
344,-1.0737112753654097,45.62270419488316,18074.923,383,'08:30:00',21689.908
345,-1.0737112753654097,45.613558393348406,17682.405,383,'08:30:00',21218.886
346,-1.0737112753654097,45.604412591813634,17340.664,383,'08:30:00',20808.797
347,-1.0737112753654097,45.59526679027889,17052.752,383,'08:30:00',20463.302
348,-1.0737112753654097,45.58612098874412,16821.433,383,'08:30:00',20185.72
349,-1.0737112753654097,45.57697518720938,16649.065,383,'08:30:00',19978.878
360,-1.0608036426540093,45.84220343171732,35376.482,383,'08:30:00',42451.778
361,-1.0608036426540093,45.833057630182566,34465.265,383,'08:30:00',41358.318
362,-1.0608036426540093,45.82391182864781,33560.1,383,'08:30:00',40272.12
363,-1.0608036426540093,45.81476602711305,32661.49,383,'08:30:00',39193.788
364,-1.0608036426540093,45.8056202255783,31769.991,383,'08:30:00',38123.989
365,-1.0608036426540093,45.79647442404353,30886.219,383,'08:30:00',37063.463
366,-1.0608036426540093,45.78732862250879,30010.855,383,'08:30:00',36013.026
367,-1.0608036426540093,45.77818282097402,29144.658,383,'08:30:00',34973.59
368,-1.0608036426540093,45.76903701943926,28288.469,383,'08:30:00',33946.163
369,-1.0608036426540093,45.75989121790451,27443.225,383,'08:30:00',32931.87
370,-1.0608036426540093,45.75074541636975,26609.969,383,'08:30:00',31931.963
371,-1.0608036426540093,45.741599614835,25789.862,383,'08:30:00',30947.834
372,-1.0608036426540093,45.73245381330023,24984.2,383,'08:30:00',29981.04
373,-1.0608036426540093,45.72330801176548,24194.424,383,'08:30:00',29033.309
374,-1.0608036426540093,45.71416221023072,23422.143,383,'08:30:00',28106.572
375,-1.0608036426540093,45.70501640869597,22669.143,383,'08:30:00',27202.972
376,-1.0608036426540093,45.69587060716121,21937.41,383,'08:30:00',26324.892
377,-1.0608036426540093,45.68672480562645,21229.144,383,'08:30:00',25474.973
378,-1.0608036426540093,45.6775790040917,20546.77,383,'08:30:00',24656.124
379,-1.0608036426540093,45.66843320255693,19892.953,383,'08:30:00',23871.544
380,-1.0608036426540093,45.65928740102219,19270.6,383,'08:30:00',23124.72
381,-1.0608036426540093,45.65014159948743,18682.856,383,'08:30:00',22419.427
382,-1.0608036426540093,45.64099579795268,18133.084,383,'08:30:00',21759.701
383,-1.0608036426540093,45.63184999641791,17624.84,383,'08:30:00',21149.808
384,-1.0608036426540093,45.62270419488316,17161.813,383,'08:30:00',20594.176
385,-1.0608036426540093,45.613558393348406,16747.752,383,'08:30:00',20097.302
386,-1.0608036426540093,45.604412591813634,16386.371,383,'08:30:00',19663.645
387,-1.0608036426540093,45.59526679027889,16081.22,383,'08:30:00',19297.464
388,-1.0608036426540093,45.58612098874412,15835.55,383,'08:30:00',19002.66
389,-1.0608036426540093,45.57697518720938,15652.163,383,'08:30:00',18782.596
390,-1.0608036426540093,45.56782938567461,15533.264,383,'08:30:00',18639.917
391,-1.0608036426540093,45.55868358413986,15480.338,383,'08:30:00',18576.406
400,-1.0478960099426096,45.84220343171732,34949.496,383,'08:30:00',41939.395
401,-1.0478960099426096,45.833057630182566,34026.774,383,'08:30:00',40832.129
402,-1.0478960099426096,45.82391182864781,33109.55,383,'08:30:00',39731.46
403,-1.0478960099426096,45.81476602711305,32198.292,383,'08:30:00',38637.95
404,-1.0478960099426096,45.8056202255783,31293.521,383,'08:30:00',37552.225
405,-1.0478960099426096,45.79647442404353,30395.818,383,'08:30:00',36474.982
406,-1.0478960099426096,45.78732862250879,29505.825,383,'08:30:00',35406.99
407,-1.0478960099426096,45.77818282097402,28624.264,383,'08:30:00',34349.117
408,-1.0478960099426096,45.76903701943926,27751.936,383,'08:30:00',33302.323
409,-1.0478960099426096,45.75989121790451,26889.741,383,'08:30:00',32267.689
410,-1.0478960099426096,45.75074541636975,26038.685,383,'08:30:00',31246.422
411,-1.0478960099426096,45.741599614835,25199.896,383,'08:30:00',30239.875
412,-1.0478960099426096,45.73245381330023,24374.64,383,'08:30:00',29249.568
413,-1.0478960099426096,45.72330801176548,23564.34,383,'08:30:00',28277.208
414,-1.0478960099426096,45.71416221023072,22770.591,383,'08:30:00',27324.709
415,-1.0478960099426096,45.70501640869597,21995.185,383,'08:30:00',26394.222
416,-1.0478960099426096,45.69587060716121,21240.132,383,'08:30:00',25488.158
417,-1.0478960099426096,45.68672480562645,20507.678,383,'08:30:00',24609.214
418,-1.0478960099426096,45.6775790040917,19800.333,383,'08:30:00',23760.4
419,-1.0478960099426096,45.66843320255693,19120.882,383,'08:30:00',22945.058
420,-1.0478960099426096,45.65928740102219,18472.403,383,'08:30:00',22166.884
421,-1.0478960099426096,45.65014159948743,17858.27,383,'08:30:00',21429.924
422,-1.0478960099426096,45.64099579795268,17282.146,383,'08:30:00',20738.575
423,-1.0478960099426096,45.63184999641791,16747.953,383,'08:30:00',20097.544
424,-1.0478960099426096,45.62270419488316,16259.823,383,'08:30:00',19511.788
425,-1.0478960099426096,45.613558393348406,15822.02,383,'08:30:00',18986.424
426,-1.0478960099426096,45.604412591813634,15438.827,383,'08:30:00',18526.592
427,-1.0478960099426096,45.59526679027889,15114.396,383,'08:30:00',18137.275
428,-1.0478960099426096,45.58612098874412,14852.579,383,'08:30:00',17823.095
429,-1.0478960099426096,45.57697518720938,14656.73,383,'08:30:00',17588.076
430,-1.0478960099426096,45.56782938567461,14529.519,383,'08:30:00',17435.423
431,-1.0478960099426096,45.55868358413986,14472.754,383,'08:30:00',17367.305
432,-1.0478960099426096,45.5495377826051,14487.262,383,'08:30:00',17384.714
433,-1.0478960099426096,45.54039198107034,14572.832,383,'08:30:00',17487.398
440,-1.0349883772312092,45.84220343171732,34546.493,383,'08:30:00',41455.792
441,-1.0349883772312092,45.833057630182566,33612.642,383,'08:30:00',40335.17
442,-1.0349883772312092,45.82391182864781,32683.727,383,'08:30:00',39220.472
443,-1.0349883772312092,45.81476602711305,31760.182,383,'08:30:00',38112.218
444,-1.0349883772312092,45.8056202255783,30842.488,383,'08:30:00',37010.986
445,-1.0349883772312092,45.79647442404353,29931.183,383,'08:30:00',35917.42
446,-1.0349883772312092,45.78732862250879,29026.87,383,'08:30:00',34832.244
447,-1.0349883772312092,45.77818282097402,28130.221,383,'08:30:00',33756.265
448,-1.0349883772312092,45.76903701943926,27241.994,383,'08:30:00',32690.393
449,-1.0349883772312092,45.75989121790451,26363.04,383,'08:30:00',31635.648
450,-1.0349883772312092,45.75074541636975,25494.318,383,'08:30:00',30593.182
451,-1.0349883772312092,45.741599614835,24636.909,383,'08:30:00',29564.291
452,-1.0349883772312092,45.73245381330023,23792.038,383,'08:30:00',28550.446
453,-1.0349883772312092,45.72330801176548,22961.087,383,'08:30:00',27553.304
454,-1.0349883772312092,45.71416221023072,22145.623,383,'08:30:00',26574.748
455,-1.0349883772312092,45.70501640869597,21347.422,383,'08:30:00',25616.906
456,-1.0349883772312092,45.69587060716121,20568.492,383,'08:30:00',24682.19
457,-1.0349883772312092,45.68672480562645,19811.107,383,'08:30:00',23773.328
458,-1.0349883772312092,45.6775790040917,19077.833,383,'08:30:00',22893.4
459,-1.0349883772312092,45.66843320255693,18371.556,383,'08:30:00',22045.867
460,-1.0349883772312092,45.65928740102219,17695.509,383,'08:30:00',21234.611
461,-1.0349883772312092,45.65014159948743,17053.288,383,'08:30:00',20463.946
462,-1.0349883772312092,45.64099579795268,16448.854,383,'08:30:00',19738.625
463,-1.0349883772312092,45.63184999641791,15886.522,383,'08:30:00',19063.826
464,-1.0349883772312092,45.62270419488316,15370.912,383,'08:30:00',18445.094
465,-1.0349883772312092,45.613558393348406,14906.872,383,'08:30:00',17888.246
466,-1.0349883772312092,45.604412591813634,14499.356,383,'08:30:00',17399.227
467,-1.0349883772312092,45.59526679027889,14153.245,383,'08:30:00',16983.894
468,-1.0349883772312092,45.58612098874412,13873.136,383,'08:30:00',16647.763
469,-1.0349883772312092,45.57697518720938,13663.089,383,'08:30:00',16395.707
470,-1.0349883772312092,45.56782938567461,13526.367,383,'08:30:00',16231.64
471,-1.0349883772312092,45.55868358413986,13465.204,383,'08:30:00',16158.245
472,-1.0349883772312092,45.5495377826051,13480.627,383,'08:30:00',16176.752
473,-1.0349883772312092,45.54039198107034,13572.377,383,'08:30:00',16286.852
474,-1.0349883772312092,45.53124617953559,13738.923,383,'08:30:00',16486.708
486,-1.0220807445198092,45.78732862250879,28575.299,383,'08:30:00',34290.359
487,-1.0220807445198092,45.77818282097402,27663.941,383,'08:30:00',33196.729
488,-1.0220807445198092,45.76903701943926,26760.162,383,'08:30:00',32112.194
489,-1.0220807445198092,45.75989121790451,25864.757,383,'08:30:00',31037.708
490,-1.0220807445198092,45.75074541636975,24978.627,383,'08:30:00',29974.352
491,-1.0220807445198092,45.741599614835,24102.792,383,'08:30:00',28923.35
492,-1.0220807445198092,45.73245381330023,23238.419,383,'08:30:00',27886.103
493,-1.0220807445198092,45.72330801176548,22386.834,383,'08:30:00',26864.201
494,-1.0220807445198092,45.71416221023072,21549.552,383,'08:30:00',25859.462
495,-1.0220807445198092,45.70501640869597,20728.308,383,'08:30:00',24873.97
496,-1.0220807445198092,45.69587060716121,19925.083,383,'08:30:00',23910.1
497,-1.0220807445198092,45.68672480562645,19142.147,383,'08:30:00',22970.576
498,-1.0220807445198092,45.6775790040917,18382.092,383,'08:30:00',22058.51
499,-1.0220807445198092,45.66843320255693,17647.873,383,'08:30:00',21177.448
500,-1.0220807445198092,45.65928740102219,16942.85,383,'08:30:00',20331.42
501,-1.0220807445198092,45.65014159948743,16270.817,383,'08:30:00',19524.98
502,-1.0220807445198092,45.64099579795268,15636.03,383,'08:30:00',18763.236
503,-1.0220807445198092,45.63184999641791,15043.203,383,'08:30:00',18051.844
504,-1.0220807445198092,45.62270419488316,14497.485,383,'08:30:00',17396.982
505,-1.0220807445198092,45.613558393348406,14004.383,383,'08:30:00',16805.26
506,-1.0220807445198092,45.604412591813634,13569.635,383,'08:30:00',16283.562
507,-1.0220807445198092,45.59526679027889,13199.006,383,'08:30:00',15838.807
508,-1.0220807445198092,45.58612098874412,12898.027,383,'08:30:00',15477.632
509,-1.0220807445198092,45.57697518720938,12671.659,383,'08:30:00',15205.991
510,-1.0220807445198092,45.56782938567461,12523.949,383,'08:30:00',15028.739
511,-1.0220807445198092,45.55868358413986,12457.696,383,'08:30:00',14949.235
512,-1.0220807445198092,45.5495377826051,12474.196,383,'08:30:00',14969.035
513,-1.0220807445198092,45.54039198107034,12573.123,383,'08:30:00',15087.748
514,-1.0220807445198092,45.53124617953559,12752.559,383,'08:30:00',15303.071
515,-1.0220807445198092,45.52210037800082,13009.172,383,'08:30:00',15611.006
527,-1.0091731118084093,45.77818282097402,27226.85,383,'08:30:00',32672.22
528,-1.0091731118084093,45.76903701943926,26307.986,383,'08:30:00',31569.583
529,-1.0091731118084093,45.75989121790451,25396.566,383,'08:30:00',30475.879
530,-1.0091731118084093,45.75074541636975,24493.423,383,'08:30:00',29392.108
531,-1.0091731118084093,45.741599614835,23599.506,383,'08:30:00',28319.407
532,-1.0091731118084093,45.73245381330023,22715.904,383,'08:30:00',27259.085
533,-1.0091731118084093,45.72330801176548,21843.868,383,'08:30:00',26212.642
534,-1.0091731118084093,45.71416221023072,20984.841,383,'08:30:00',25181.809
535,-1.0091731118084093,45.70501640869597,20140.486,383,'08:30:00',24168.583
536,-1.0091731118084093,45.69587060716121,19312.728,383,'08:30:00',23175.274
537,-1.0091731118084093,45.68672480562645,18503.794,383,'08:30:00',22204.553
538,-1.0091731118084093,45.6775790040917,17716.263,383,'08:30:00',21259.516
539,-1.0091731118084093,45.66843320255693,16953.117,383,'08:30:00',20343.74
540,-1.0091731118084093,45.65928740102219,16217.799,383,'08:30:00',19461.359
541,-1.0091731118084093,45.65014159948743,15514.266,383,'08:30:00',18617.119
542,-1.0091731118084093,45.64099579795268,14847.036,383,'08:30:00',17816.443
543,-1.0091731118084093,45.63184999641791,14221.22,383,'08:30:00',17065.464
544,-1.0091731118084093,45.62270419488316,13642.518,383,'08:30:00',16371.022
545,-1.0091731118084093,45.613558393348406,13117.166,383,'08:30:00',15740.599
546,-1.0091731118084093,45.604412591813634,12651.813,383,'08:30:00',15182.176
547,-1.0091731118084093,45.59526679027889,12253.295,383,'08:30:00',14703.954
548,-1.0091731118084093,45.58612098874412,11928.313,383,'08:30:00',14313.976
549,-1.0091731118084093,45.57697518720938,11683.005,383,'08:30:00',14019.606
550,-1.0091731118084093,45.56782938567461,11522.459,383,'08:30:00',13826.951
551,-1.0091731118084093,45.55868358413986,11450.241,383,'08:30:00',13740.289
552,-1.0091731118084093,45.5495377826051,11468.021,383,'08:30:00',13761.625
553,-1.0091731118084093,45.54039198107034,11575.381,383,'08:30:00',13890.457
554,-1.0091731118084093,45.53124617953559,11769.872,383,'08:30:00',14123.846
555,-1.0091731118084093,45.52210037800082,12047.273,383,'08:30:00',14456.728
568,-0.996265479097009,45.76903701943927,25887.018,383,'08:30:00',31064.422
569,-0.996265479097009,45.75989121790451,24960.16,383,'08:30:00',29952.192
570,-0.996265479097009,45.75074541636975,24040.554,383,'08:30:00',28848.665
571,-0.996265479097009,45.741599614835,23129.063,383,'08:30:00',27754.876
572,-0.996265479097009,45.73245381330024,22226.685,383,'08:30:00',26672.022
573,-0.996265479097009,45.72330801176549,21334.579,383,'08:30:00',25601.495
574,-0.996265479097009,45.714162210230725,20454.086,383,'08:30:00',24544.903
575,-0.996265479097009,45.70501640869597,19586.773,383,'08:30:00',23504.128
576,-0.996265479097009,45.69587060716121,18734.47,383,'08:30:00',22481.364
577,-0.996265479097009,45.68672480562646,17899.322,383,'08:30:00',21479.186
578,-0.996265479097009,45.6775790040917,17083.844,383,'08:30:00',20500.613
579,-0.996265479097009,45.66843320255693,16290.99,383,'08:30:00',19549.188
580,-0.996265479097009,45.65928740102219,15524.226,383,'08:30:00',18629.071
581,-0.996265479097009,45.65014159948742,14787.611,383,'08:30:00',17745.133
582,-0.996265479097009,45.64099579795266,14085.876,383,'08:30:00',16903.051
583,-0.996265479097009,45.63184999641791,13424.49,383,'08:30:00',16109.388
584,-0.996265479097009,45.62270419488316,12809.705,383,'08:30:00',15371.646
585,-0.996265479097009,45.6135583933484,12248.54,383,'08:30:00',14698.248
586,-0.996265479097009,45.604412591813634,11748.68,383,'08:30:00',14098.416
587,-0.996265479097009,45.595266790278885,11318.25,383,'08:30:00',13581.9
588,-0.996265479097009,45.58612098874412,10965.428,383,'08:30:00',13158.514
589,-0.996265479097009,45.57697518720937,10697.896,383,'08:30:00',12837.475
590,-0.996265479097009,45.56782938567461,10522.16,383,'08:30:00',12626.592
591,-0.996265479097009,45.55868358413986,10442.856,383,'08:30:00',12531.427
592,-0.996265479097009,45.5495377826051,10462.176,383,'08:30:00',12554.611
593,-0.996265479097009,45.540391981070336,10579.58,383,'08:30:00',12695.496
594,-0.996265479097009,45.53124617953559,10791.866,383,'08:30:00',12950.239
595,-0.996265479097009,45.52210037800083,11093.588,383,'08:30:00',13312.306
596,-0.996265479097009,45.51295457646608,11477.695,383,'08:30:00',13773.234
609,-0.9833578463856092,45.75989121790451,24557.234,383,'08:30:00',29468.681
610,-0.9833578463856092,45.75074541636975,23621.877,383,'08:30:00',28346.252
611,-0.9833578463856092,45.741599614835,22693.505,383,'08:30:00',27232.206
612,-0.9833578463856092,45.73245381330024,21773.009,383,'08:30:00',26127.611
613,-0.9833578463856092,45.72330801176549,20861.432,383,'08:30:00',25033.718
614,-0.9833578463856092,45.714162210230725,19959.997,383,'08:30:00',23951.996
615,-0.9833578463856092,45.70501640869597,19070.141,383,'08:30:00',22884.169
616,-0.9833578463856092,45.69587060716121,18193.563,383,'08:30:00',21832.276
617,-0.9833578463856092,45.68672480562646,17332.277,383,'08:30:00',20798.732
618,-0.9833578463856092,45.6775790040917,16488.68,383,'08:30:00',19786.416
619,-0.9833578463856092,45.66843320255693,15665.63,383,'08:30:00',18798.756
620,-0.9833578463856092,45.65928740102219,14866.538,383,'08:30:00',17839.846
621,-0.9833578463856092,45.65014159948742,14095.479,383,'08:30:00',16914.575
622,-0.9833578463856092,45.64099579795266,13357.31,383,'08:30:00',16028.772
623,-0.9833578463856092,45.63184999641791,12657.785,383,'08:30:00',15189.342
624,-0.9833578463856092,45.62270419488316,12003.661,383,'08:30:00',14404.393
625,-0.9833578463856092,45.6135583933484,11402.755,383,'08:30:00',13683.306
626,-0.9833578463856092,45.604412591813634,10863.9,383,'08:30:00',13036.68
627,-0.9833578463856092,45.595266790278885,10396.748,383,'08:30:00',12476.098
628,-0.9833578463856092,45.58612098874412,10011.341,383,'08:30:00',12013.609
629,-0.9833578463856092,45.57697518720937,9717.41,383,'08:30:00',11660.892
630,-0.9833578463856092,45.56782938567461,9523.428,383,'08:30:00',11428.114
631,-0.9833578463856092,45.55868358413986,9435.562,383,'08:30:00',11322.674
632,-0.9833578463856092,45.5495377826051,9456.769,383,'08:30:00',11348.123
633,-0.9833578463856092,45.540391981070336,9586.324,383,'08:30:00',11503.589
634,-0.9833578463856092,45.53124617953559,9819.939,383,'08:30:00',11783.927
635,-0.9833578463856092,45.52210037800083,10150.433,383,'08:30:00',12180.52
636,-0.9833578463856092,45.51295457646608,10568.719,383,'08:30:00',12682.463
637,-0.9833578463856092,45.50380877493132,11064.846,383,'08:30:00',13277.815
649,-0.970450213674209,45.75989121790451,24189.46,383,'08:30:00',29027.352
650,-0.970450213674209,45.75074541636975,23239.243,383,'08:30:00',27887.092
651,-0.970450213674209,45.741599614835,22294.877,383,'08:30:00',26753.852
652,-0.970450213674209,45.73245381330024,21357.139,383,'08:30:00',25628.567
653,-0.970450213674209,45.72330801176549,20426.941,383,'08:30:00',24512.329
654,-0.970450213674209,45.714162210230725,19505.361,383,'08:30:00',23406.433
655,-0.970450213674209,45.70501640869597,18593.681,383,'08:30:00',22312.417
656,-0.970450213674209,45.69587060716121,17693.431,383,'08:30:00',21232.117
657,-0.970450213674209,45.68672480562646,16806.448,383,'08:30:00',20167.738
658,-0.970450213674209,45.6775790040917,15934.946,383,'08:30:00',19121.935
659,-0.970450213674209,45.66843320255693,15081.61,383,'08:30:00',18097.932
660,-0.970450213674209,45.65928740102219,14249.702,383,'08:30:00',17099.642
661,-0.970450213674209,45.65014159948742,13443.203,383,'08:30:00',16131.844
662,-0.970450213674209,45.64099579795266,12666.964,383,'08:30:00',15200.357
663,-0.970450213674209,45.63184999641791,11926.896,383,'08:30:00',14312.275
664,-0.970450213674209,45.62270419488316,11230.151,383,'08:30:00',13476.181
665,-0.970450213674209,45.6135583933484,10585.287,383,'08:30:00',12702.344
666,-0.970450213674209,45.604412591813634,10002.343,383,'08:30:00',12002.812
667,-0.970450213674209,45.595266790278885,9492.734,383,'08:30:00',11391.281
668,-0.970450213674209,45.58612098874412,9068.829,383,'08:30:00',10882.595
669,-0.970450213674209,45.57697518720937,8743.103,383,'08:30:00',10491.724
670,-0.970450213674209,45.56782938567461,8526.814,383,'08:30:00',10232.177
671,-0.970450213674209,45.55868358413986,8428.392,383,'08:30:00',10114.07
672,-0.970450213674209,45.5495377826051,8451.953,383,'08:30:00',10142.344
673,-0.970450213674209,45.540391981070336,8596.495,383,'08:30:00',10315.794
674,-0.970450213674209,45.53124617953559,8856.095,383,'08:30:00',10627.314
675,-0.970450213674209,45.52210037800083,9221.04,383,'08:30:00',11065.248
676,-0.970450213674209,45.51295457646608,9679.421,383,'08:30:00',11615.305
677,-0.970450213674209,45.50380877493132,10218.672,383,'08:30:00',12262.406
689,-0.9575425809628092,45.75989121790451,23858.465,383,'08:30:00',28630.158
690,-0.9575425809628092,45.75074541636975,22894.457,383,'08:30:00',27473.348
691,-0.9575425809628092,45.741599614835,21935.194,383,'08:30:00',26322.233
692,-0.9575425809628092,45.73245381330024,20981.324,383,'08:30:00',25177.589
693,-0.9575425809628092,45.72330801176549,20033.619,383,'08:30:00',24040.343
694,-0.9575425809628092,45.714162210230725,19092.996,383,'08:30:00',22911.595
695,-0.9575425809628092,45.70501640869597,18160.555,383,'08:30:00',21792.666
696,-0.9575425809628092,45.69587060716121,17237.625,383,'08:30:00',20685.15
697,-0.9575425809628092,45.68672480562646,16325.817,383,'08:30:00',19590.98
698,-0.9575425809628092,45.6775790040917,15427.103,383,'08:30:00',18512.524
699,-0.9575425809628092,45.66843320255693,14543.912,383,'08:30:00',17452.694
700,-0.9575425809628092,45.65928740102219,13679.249,383,'08:30:00',16415.099
701,-0.9575425809628092,45.65014159948742,12836.858,383,'08:30:00',15404.23
702,-0.9575425809628092,45.64099579795266,12021.423,383,'08:30:00',14425.708
703,-0.9575425809628092,45.63184999641791,11238.812,383,'08:30:00',13486.574
704,-0.9575425809628092,45.62270419488316,10496.368,383,'08:30:00',12595.642
705,-0.9575425809628092,45.6135583933484,9803.222,383,'08:30:00',11763.866
706,-0.9575425809628092,45.604412591813634,9170.559,383,'08:30:00',11004.671
707,-0.9575425809628092,45.595266790278885,8611.718,383,'08:30:00',10334.062
708,-0.9575425809628092,45.58612098874412,8141.913,383,'08:30:00',9770.296
709,-0.9575425809628092,45.57697518720937,7777.297,383,'08:30:00',9332.756
710,-0.9575425809628092,45.56782938567461,7533.159,383,'08:30:00',9039.791
711,-0.9575425809628092,45.55868358413986,7421.396,383,'08:30:00',8905.675
712,-0.9575425809628092,45.5495377826051,7447.969,383,'08:30:00',8937.563
713,-0.9575425809628092,45.540391981070336,7611.43,383,'08:30:00',9133.716
714,-0.9575425809628092,45.53124617953559,7903.289,383,'08:30:00',9483.947
715,-0.9575425809628092,45.52210037800083,8310.027,383,'08:30:00',9972.032
716,-0.9575425809628092,45.51295457646608,8815.757,383,'08:30:00',10578.908
717,-0.9575425809628092,45.50380877493132,9404.523,383,'08:30:00',11285.428
718,-0.9575425809628092,45.49466297339656,10061.759,383,'08:30:00',12074.111
729,-0.944634948251409,45.75989121790451,23565.798,383,'08:30:00',28278.958
730,-0.944634948251409,45.75074541636975,22589.254,383,'08:30:00',27107.105
731,-0.944634948251409,45.741599614835,21616.398,383,'08:30:00',25939.678
732,-0.944634948251409,45.73245381330024,20647.751,383,'08:30:00',24777.301
733,-0.944634948251409,45.72330801176549,19683.935,383,'08:30:00',23620.722
734,-0.944634948251409,45.714162210230725,18725.695,383,'08:30:00',22470.834
735,-0.944634948251409,45.70501640869597,17773.932,383,'08:30:00',21328.718
736,-0.944634948251409,45.69587060716121,16829.745,383,'08:30:00',20195.694
737,-0.944634948251409,45.68672480562646,15894.485,383,'08:30:00',19073.382
738,-0.944634948251409,45.6775790040917,14969.823,383,'08:30:00',17963.788
739,-0.944634948251409,45.66843320255693,14057.852,383,'08:30:00',16869.422
740,-0.944634948251409,45.65928740102219,13161.209,383,'08:30:00',15793.451
741,-0.944634948251409,45.65014159948742,12283.25,383,'08:30:00',14739.9
742,-0.944634948251409,45.64099579795266,11428.283,383,'08:30:00',13713.94
743,-0.944634948251409,45.63184999641791,10601.871,383,'08:30:00',12722.245
744,-0.944634948251409,45.62270419488316,9811.231,383,'08:30:00',11773.477
745,-0.944634948251409,45.6135583933484,9065.728,383,'08:30:00',10878.874
746,-0.944634948251409,45.604412591813634,8377.419,383,'08:30:00',10052.903
747,-0.944634948251409,45.595266790278885,7761.535,383,'08:30:00',9313.842
748,-0.944634948251409,45.58612098874412,7236.59,383,'08:30:00',8683.908
749,-0.944634948251409,45.57697518720937,6823.604,383,'08:30:00',8188.325
750,-0.944634948251409,45.56782938567461,6543.809,383,'08:30:00',7852.571
751,-0.944634948251409,45.55868358413986,6414.656,383,'08:30:00',7697.587
752,-0.944634948251409,45.5495377826051,6445.206,383,'08:30:00',7734.247
753,-0.944634948251409,45.540391981070336,6633.253,383,'08:30:00',7959.904
754,-0.944634948251409,45.53124617953559,6966.053,383,'08:30:00',8359.264
755,-0.944634948251409,45.52210037800083,7424.164,383,'08:30:00',8908.997
756,-0.944634948251409,45.51295457646608,7986.049,383,'08:30:00',9583.259
757,-0.944634948251409,45.50380877493132,8631.466,383,'08:30:00',10357.759
758,-0.944634948251409,45.49466297339656,9343.119,383,'08:30:00',11211.743
759,-0.944634948251409,45.4855171718618,10107.026,383,'08:30:00',12128.431
769,-0.9317273155400088,45.75989121790451,23312.902,383,'08:30:00',27975.482
770,-0.9317273155400088,45.75074541636975,22325.255,383,'08:30:00',26790.306
771,-0.9317273155400088,45.741599614835,21340.323,383,'08:30:00',25608.388
772,-0.9317273155400088,45.73245381330024,20358.497,383,'08:30:00',24430.196
773,-0.9317273155400088,45.72330801176549,19380.251,383,'08:30:00',23256.301
774,-0.9317273155400088,45.714162210230725,18406.155,383,'08:30:00',22087.386
775,-0.9317273155400088,45.70501640869597,17436.904,383,'08:30:00',20924.285
776,-0.9317273155400088,45.69587060716121,16473.353,383,'08:30:00',19768.024
777,-0.9317273155400088,45.68672480562646,15516.564,383,'08:30:00',18619.877
778,-0.9317273155400088,45.6775790040917,14567.868,383,'08:30:00',17481.442
779,-0.9317273155400088,45.66843320255693,13628.956,383,'08:30:00',16354.747
780,-0.9317273155400088,45.65928740102219,12701.997,383,'08:30:00',15242.396
781,-0.9317273155400088,45.65014159948742,11789.81,383,'08:30:00',14147.772
782,-0.9317273155400088,45.64099579795266,10896.105,383,'08:30:00',13075.326
783,-0.9317273155400088,45.63184999641791,10025.826,383,'08:30:00',12030.991
784,-0.9317273155400088,45.62270419488316,9185.633,383,'08:30:00',11022.76
785,-0.9317273155400088,45.6135583933484,8384.574,383,'08:30:00',10061.489
786,-0.9317273155400088,45.604412591813634,7634.977,383,'08:30:00',9161.972
787,-0.9317273155400088,45.595266790278885,6953.503,383,'08:30:00',8344.204
788,-0.9317273155400088,45.58612098874412,6362.082,383,'08:30:00',7634.498
789,-0.9317273155400088,45.57697518720937,5887.912,383,'08:30:00',7065.494
790,-0.9317273155400088,45.56782938567461,5561.064,383,'08:30:00',6673.277
791,-0.9317273155400088,45.55868358413986,5408.316,383,'08:30:00',6489.979
792,-0.9317273155400088,45.5495377826051,5444.339,383,'08:30:00',6533.207
793,-0.9317273155400088,45.540391981070336,5665.532,383,'08:30:00',6798.638
794,-0.9317273155400088,45.53124617953559,6051.625,383,'08:30:00',7261.95
795,-0.9317273155400088,45.52210037800083,6573.626,383,'08:30:00',7888.351
796,-0.9317273155400088,45.51295457646608,7202.041,383,'08:30:00',8642.449
797,-0.9317273155400088,45.50380877493132,7911.555,383,'08:30:00',9493.866
798,-0.9317273155400088,45.49466297339656,8682.306,383,'08:30:00',10418.767
799,-0.9317273155400088,45.4855171718618,9499.4,383,'08:30:00',11399.28
808,-0.9188196828286088,45.76903701943927,24099.85,383,'08:30:00',28919.82
809,-0.9188196828286088,45.75989121790451,23101.084,383,'08:30:00',27721.301
810,-0.9188196828286088,45.75074541636975,22103.939,383,'08:30:00',26524.727
811,-0.9188196828286088,45.741599614835,21108.644,383,'08:30:00',25330.373
812,-0.9188196828286088,45.73245381330024,20115.474,383,'08:30:00',24138.569
813,-0.9188196828286088,45.72330801176549,19124.759,383,'08:30:00',22949.711
814,-0.9188196828286088,45.714162210230725,18136.902,383,'08:30:00',21764.282
815,-0.9188196828286088,45.70501640869597,17152.396,383,'08:30:00',20582.875
816,-0.9188196828286088,45.69587060716121,16171.853,383,'08:30:00',19406.224
817,-0.9188196828286088,45.68672480562646,15196.04,383,'08:30:00',18235.248
818,-0.9188196828286088,45.6775790040917,14225.929,383,'08:30:00',17071.115
819,-0.9188196828286088,45.66843320255693,13262.772,383,'08:30:00',15915.326
820,-0.9188196828286088,45.65928740102219,12308.2,383,'08:30:00',14769.84
821,-0.9188196828286088,45.65014159948742,11364.377,383,'08:30:00',13637.252
822,-0.9188196828286088,45.64099579795266,10434.221,383,'08:30:00',12521.065
823,-0.9188196828286088,45.63184999641791,9521.735,383,'08:30:00',11426.082
824,-0.9188196828286088,45.62270419488316,8632.526,383,'08:30:00',10359.031
825,-0.9188196828286088,45.6135583933484,7774.582,383,'08:30:00',9329.498
826,-0.9188196828286088,45.604412591813634,6959.477,383,'08:30:00',8351.372
827,-0.9188196828286088,45.595266790278885,6204.116,383,'08:30:00',7444.939
828,-0.9188196828286088,45.58612098874412,5533.022,383,'08:30:00',6639.626
829,-0.9188196828286088,45.57697518720937,4980.376,383,'08:30:00',5976.451
830,-0.9188196828286088,45.56782938567461,4589.17,383,'08:30:00',5507.004
831,-0.9188196828286088,45.55868358413986,4402.649,383,'08:30:00',5283.179
832,-0.9188196828286088,45.5495377826051,4446.646,383,'08:30:00',5335.975
833,-0.9188196828286088,45.540391981070336,4714.711,383,'08:30:00',5657.653
834,-0.9188196828286088,45.53124617953559,5172.119,383,'08:30:00',6206.543
835,-0.9188196828286088,45.52210037800083,5774.045,383,'08:30:00',6928.854
836,-0.9188196828286088,45.51295457646608,6480.343,383,'08:30:00',7776.412
837,-0.9188196828286088,45.50380877493132,7260.615,383,'08:30:00',8712.738
838,-0.9188196828286088,45.49466297339656,8093.496,383,'08:30:00',9712.195
839,-0.9188196828286088,45.4855171718618,8964.332,383,'08:30:00',10757.198
848,-0.9059120501172084,45.76903701943927,23937.353,383,'08:30:00',28724.824
849,-0.9059120501172084,45.75989121790451,22931.483,383,'08:30:00',27517.78
850,-0.9059120501172084,45.75074541636975,21926.597,383,'08:30:00',26311.916
851,-0.9059120501172084,45.741599614835,20922.837,383,'08:30:00',25107.404
852,-0.9059120501172084,45.73245381330024,19920.374,383,'08:30:00',23904.449
853,-0.9059120501172084,45.72330801176549,18919.412,383,'08:30:00',22703.294
854,-0.9059120501172084,45.714162210230725,17920.203,383,'08:30:00',21504.244
855,-0.9059120501172084,45.70501640869597,16923.057,383,'08:30:00',20307.668
856,-0.9059120501172084,45.69587060716121,15928.363,383,'08:30:00',19114.036
857,-0.9059120501172084,45.68672480562646,14936.608,383,'08:30:00',17923.93
858,-0.9059120501172084,45.6775790040917,13948.419,383,'08:30:00',16738.103
859,-0.9059120501172084,45.66843320255693,12964.613,383,'08:30:00',15557.536
860,-0.9059120501172084,45.65928740102219,11986.267,383,'08:30:00',14383.52
861,-0.9059120501172084,45.65014159948742,11014.836,383,'08:30:00',13217.803
862,-0.9059120501172084,45.64099579795266,10052.324,383,'08:30:00',12062.789
863,-0.9059120501172084,45.63184999641791,9101.562,383,'08:30:00',10921.874
864,-0.9059120501172084,45.62270419488316,8166.652,383,'08:30:00',9799.982
865,-0.9059120501172084,45.6135583933484,7253.728,383,'08:30:00',8704.474
866,-0.9059120501172084,45.604412591813634,6372.243,383,'08:30:00',7646.692
867,-0.9059120501172084,45.595266790278885,5537.233,383,'08:30:00',6644.68
868,-0.9059120501172084,45.58612098874412,4773.15,383,'08:30:00',5727.78
869,-0.9059120501172084,45.57697518720937,4119.648,383,'08:30:00',4943.578
870,-0.9059120501172084,45.56782938567461,3636.834,383,'08:30:00',4364.201
871,-0.9059120501172084,45.55868358413986,3398.255,383,'08:30:00',4077.906
872,-0.9059120501172084,45.5495377826051,3454.881,383,'08:30:00',4145.857
873,-0.9059120501172084,45.540391981070336,3793.517,383,'08:30:00',4552.22
874,-0.9059120501172084,45.53124617953559,4348.771,383,'08:30:00',5218.525
875,-0.9059120501172084,45.52210037800083,5049.686,383,'08:30:00',6059.623
876,-0.9059120501172084,45.51295457646608,5844.082,383,'08:30:00',7012.898
877,-0.9059120501172084,45.50380877493132,6698.785,383,'08:30:00',8038.542
878,-0.9059120501172084,45.49466297339656,7593.457,383,'08:30:00',9112.148
879,-0.9059120501172084,45.4855171718618,8515.509,383,'08:30:00',10218.611
887,-0.8930044174058086,45.77818282097402,24827.936,383,'08:30:00',29793.523
888,-0.8930044174058086,45.76903701943927,23816.271,383,'08:30:00',28579.525
889,-0.8930044174058086,45.75989121790451,22805.04,383,'08:30:00',27366.048
890,-0.8930044174058086,45.75074541636975,21794.303,383,'08:30:00',26153.164
891,-0.8930044174058086,45.741599614835,20784.132,383,'08:30:00',24940.958
892,-0.8930044174058086,45.73245381330024,19774.614,383,'08:30:00',23729.537
893,-0.8930044174058086,45.72330801176549,18765.854,383,'08:30:00',22519.025
894,-0.8930044174058086,45.714162210230725,17757.981,383,'08:30:00',21309.577
895,-0.8930044174058086,45.70501640869597,16751.153,383,'08:30:00',20101.384
896,-0.8930044174058086,45.69587060716121,15745.573,383,'08:30:00',18894.688
897,-0.8930044174058086,45.68672480562646,14741.493,383,'08:30:00',17689.792
898,-0.8930044174058086,45.6775790040917,13739.244,383,'08:30:00',16487.093
899,-0.8930044174058086,45.66843320255693,12739.257,383,'08:30:00',15287.108
900,-0.8930044174058086,45.65928740102219,11742.11,383,'08:30:00',14090.532
901,-0.8930044174058086,45.65014159948742,10748.591,383,'08:30:00',12898.309
902,-0.8930044174058086,45.64099579795266,9759.81,383,'08:30:00',11711.772
903,-0.8930044174058086,45.63184999641791,8777.366,383,'08:30:00',10532.839
904,-0.8930044174058086,45.62270419488316,7803.652,383,'08:30:00',9364.382
905,-0.8930044174058086,45.6135583933484,6842.398,383,'08:30:00',8210.878
906,-0.8930044174058086,45.604412591813634,5899.693,383,'08:30:00',7079.632
907,-0.8930044174058086,45.595266790278885,4986.071,383,'08:30:00',5983.285
908,-0.8930044174058086,45.58612098874412,4120.919,383,'08:30:00',4945.103
909,-0.8930044174058086,45.57697518720937,3342.091,383,'08:30:00',4010.509
910,-0.8930044174058086,45.56782938567461,2724.645,383,'08:30:00',3269.574
911,-0.8930044174058086,45.55868358413986,2396.731,383,'08:30:00',2876.077
912,-0.8930044174058086,45.5495377826051,2476.176,383,'08:30:00',2971.411
913,-0.8930044174058086,45.540391981070336,2930.029,383,'08:30:00',3516.035
914,-0.8930044174058086,45.53124617953559,3620.107,383,'08:30:00',4344.128
915,-0.8930044174058086,45.52210037800083,4437.538,383,'08:30:00',5325.046
916,-0.8930044174058086,45.51295457646608,5323.982,383,'08:30:00',6388.778
917,-0.8930044174058086,45.50380877493132,6250.141,383,'08:30:00',7500.169
918,-0.8930044174058086,45.49466297339656,7200.708,383,'08:30:00',8640.85
919,-0.8930044174058086,45.4855171718618,8167.163,383,'08:30:00',9800.596
927,-0.8800967846944086,45.77818282097402,24752.144,383,'08:30:00',29702.573
928,-0.8800967846944086,45.76903701943927,23737.236,383,'08:30:00',28484.683
929,-0.8800967846944086,45.75989121790451,22722.475,383,'08:30:00',27266.97
930,-0.8800967846944086,45.75074541636975,21707.88,383,'08:30:00',26049.456
931,-0.8800967846944086,45.741599614835,20693.476,383,'08:30:00',24832.171
932,-0.8800967846944086,45.73245381330024,19679.293,383,'08:30:00',23615.152
933,-0.8800967846944086,45.72330801176549,18665.366,383,'08:30:00',22398.439
934,-0.8800967846944086,45.714162210230725,17651.738,383,'08:30:00',21182.086
935,-0.8800967846944086,45.70501640869597,16638.464,383,'08:30:00',19966.157
936,-0.8800967846944086,45.69587060716121,15625.614,383,'08:30:00',18750.737
937,-0.8800967846944086,45.68672480562646,14613.273,383,'08:30:00',17535.928
938,-0.8800967846944086,45.6775790040917,13601.557,383,'08:30:00',16321.868
939,-0.8800967846944086,45.66843320255693,12590.615,383,'08:30:00',15108.738
940,-0.8800967846944086,45.65928740102219,11580.649,383,'08:30:00',13896.779
941,-0.8800967846944086,45.65014159948742,10571.939,383,'08:30:00',12686.327
942,-0.8800967846944086,45.64099579795266,9564.881,383,'08:30:00',11477.857
943,-0.8800967846944086,45.63184999641791,8560.059,383,'08:30:00',10272.071
944,-0.8800967846944086,45.62270419488316,7558.362,383,'08:30:00',9070.034
945,-0.8800967846944086,45.6135583933484,6561.222,383,'08:30:00',7873.466
946,-0.8800967846944086,45.604412591813634,5571.086,383,'08:30:00',6685.303
947,-0.8800967846944086,45.595266790278885,4592.485,383,'08:30:00',5510.982
948,-0.8800967846944086,45.58612098874412,3634.745,383,'08:30:00',4361.694
949,-0.8800967846944086,45.57697518720937,2719.992,383,'08:30:00',3263.99
950,-0.8800967846944086,45.56782938567461,1910.984,383,'08:30:00',2293.181
951,-0.8800967846944086,45.55868358413986,1404.236,383,'08:30:00',1685.083
952,-0.8800967846944086,45.5495377826051,1535.707,383,'08:30:00',1842.848
953,-0.8800967846944086,45.540391981070336,2193.492,383,'08:30:00',2632.19
954,-0.8800967846944086,45.53124617953559,3054.651,383,'08:30:00',3665.581
955,-0.8800967846944086,45.52210037800083,3989.593,383,'08:30:00',4787.512
956,-0.8800967846944086,45.51295457646608,4956.741,383,'08:30:00',5948.089
957,-0.8800967846944086,45.50380877493132,5940.383,383,'08:30:00',7128.46
958,-0.8800967846944086,45.49466297339656,6933.503,383,'08:30:00',8320.204
959,-0.8800967846944086,45.4855171718618,7932.541,383,'08:30:00',9519.049
967,-0.8671891519830087,45.77818282097402,24717.087,383,'08:30:00',29660.504
968,-0.8671891519830087,45.76903701943927,23700.671,383,'08:30:00',28440.805
969,-0.8671891519830087,45.75989121790451,22684.268,383,'08:30:00',27221.122
970,-0.8671891519830087,45.75074541636975,21667.878,383,'08:30:00',26001.454
971,-0.8671891519830087,45.741599614835,20651.502,383,'08:30:00',24781.802
972,-0.8671891519830087,45.73245381330024,19635.144,383,'08:30:00',23562.173
973,-0.8671891519830087,45.72330801176549,18618.805,383,'08:30:00',22342.566
974,-0.8671891519830087,45.714162210230725,17602.488,383,'08:30:00',21122.986
975,-0.8671891519830087,45.70501640869597,16586.197,383,'08:30:00',19903.436
976,-0.8671891519830087,45.69587060716121,15569.938,383,'08:30:00',18683.926
977,-0.8671891519830087,45.68672480562646,14553.716,383,'08:30:00',17464.459
978,-0.8671891519830087,45.6775790040917,13537.539,383,'08:30:00',16245.047
979,-0.8671891519830087,45.66843320255693,12521.418,383,'08:30:00',15025.702
980,-0.8671891519830087,45.65928740102219,11505.367,383,'08:30:00',13806.44
981,-0.8671891519830087,45.65014159948742,10489.407,383,'08:30:00',12587.288
982,-0.8671891519830087,45.64099579795266,9473.565,383,'08:30:00',11368.278
983,-0.8671891519830087,45.63184999641791,8457.884,383,'08:30:00',10149.461
984,-0.8671891519830087,45.62270419488316,7442.429,383,'08:30:00',8930.915
985,-0.8671891519830087,45.6135583933484,6427.306,383,'08:30:00',7712.767
986,-0.8671891519830087,45.604412591813634,5412.702,383,'08:30:00',6495.242
987,-0.8671891519830087,45.595266790278885,4398.974,383,'08:30:00',5278.769
988,-0.8671891519830087,45.58612098874412,3386.908,383,'08:30:00',4064.29
989,-0.8671891519830087,45.57697518720937,2378.624,383,'08:30:00',2854.349
990,-0.8671891519830087,45.56782938567461,1382.416,383,'08:30:00',1658.899
991,-0.8671891519830087,45.55868358413986,480.426,383,'08:30:00',576.511
992,-0.8671891519830087,45.5495377826051,785.522,383,'08:30:00',942.626
993,-0.8671891519830087,45.540391981070336,1752.076,383,'08:30:00',2102.491
994,-0.8671891519830087,45.53124617953559,2754.81,383,'08:30:00',3305.772
995,-0.8671891519830087,45.52210037800083,3764.925,383,'08:30:00',4517.91
996,-0.8671891519830087,45.51295457646608,4777.74,383,'08:30:00',5733.288
997,-0.8671891519830087,45.50380877493132,5791.838,383,'08:30:00',6950.206
998,-0.8671891519830087,45.49466297339656,6806.645,383,'08:30:00',8167.974
999,-0.8671891519830087,45.4855171718618,7821.885,383,'08:30:00',9386.262
1007,-0.8542815192716087,45.77818282097402,24722.935,383,'08:30:00',29667.522
1008,-0.8542815192716087,45.76903701943927,23706.772,383,'08:30:00',28448.126
1009,-0.8542815192716087,45.75989121790451,22690.643,383,'08:30:00',27228.772
1010,-0.8542815192716087,45.75074541636975,21674.553,383,'08:30:00',26009.464
1011,-0.8542815192716087,45.741599614835,20658.507,383,'08:30:00',24790.208
1012,-0.8542815192716087,45.73245381330024,19642.512,383,'08:30:00',23571.014
1013,-0.8542815192716087,45.72330801176549,18626.576,383,'08:30:00',22351.891
1014,-0.8542815192716087,45.714162210230725,17610.709,383,'08:30:00',21132.851
1015,-0.8542815192716087,45.70501640869597,16594.924,383,'08:30:00',19913.909
1016,-0.8542815192716087,45.69587060716121,15579.235,383,'08:30:00',18695.082
1017,-0.8542815192716087,45.68672480562646,14563.663,383,'08:30:00',17476.396
1018,-0.8542815192716087,45.6775790040917,13548.234,383,'08:30:00',16257.881
1019,-0.8542815192716087,45.66843320255693,12532.982,383,'08:30:00',15039.578
1020,-0.8542815192716087,45.65928740102219,11517.954,383,'08:30:00',13821.545
1021,-0.8542815192716087,45.65014159948742,10503.213,383,'08:30:00',12603.856
1022,-0.8542815192716087,45.64099579795266,9488.852,383,'08:30:00',11386.622
1023,-0.8542815192716087,45.63184999641791,8475.006,383,'08:30:00',10170.007
1024,-0.8542815192716087,45.62270419488316,7461.884,383,'08:30:00',8954.261
1025,-0.8542815192716087,45.6135583933484,6449.828,383,'08:30:00',7739.794
1026,-0.8542815192716087,45.604412591813634,5439.431,383,'08:30:00',6527.317
1027,-0.8542815192716087,45.595266790278885,4431.827,383,'08:30:00',5318.192
1028,-0.8542815192716087,45.58612098874412,3429.477,383,'08:30:00',4115.372
1029,-0.8542815192716087,45.57697518720937,2438.864,383,'08:30:00',2926.637
1030,-0.8542815192716087,45.56782938567461,1483.688,383,'08:30:00',1780.426
1031,-0.8542815192716087,45.55868358413986,721.881,383,'08:30:00',866.257
1032,-0.8542815192716087,45.5495377826051,952.573,383,'08:30:00',1143.088
1033,-0.8542815192716087,45.540391981070336,1833.076,383,'08:30:00',2199.691
1034,-0.8542815192716087,45.53124617953559,2807.031,383,'08:30:00',3368.437
1035,-0.8542815192716087,45.52210037800083,3803.308,383,'08:30:00',4563.97
1036,-0.8542815192716087,45.51295457646608,4808.049,383,'08:30:00',5769.659
1037,-0.8542815192716087,45.50380877493132,5816.87,383,'08:30:00',6980.244
1038,-0.8542815192716087,45.49466297339656,6827.961,383,'08:30:00',8193.553
1039,-0.8542815192716087,45.4855171718618,7840.444,383,'08:30:00',9408.533
1047,-0.8413738865602087,45.77818282097402,24769.662,383,'08:30:00',29723.594
1048,-0.8413738865602087,45.76903701943927,23755.506,383,'08:30:00',28506.607
1049,-0.8413738865602087,45.75989121790451,22741.563,383,'08:30:00',27289.876
1050,-0.8413738865602087,45.75074541636975,21727.862,383,'08:30:00',26073.434
1051,-0.8413738865602087,45.741599614835,20714.441,383,'08:30:00',24857.329
1052,-0.8413738865602087,45.73245381330024,19701.34,383,'08:30:00',23641.608
1053,-0.8413738865602087,45.72330801176549,18688.612,383,'08:30:00',22426.334
1054,-0.8413738865602087,45.714162210230725,17676.322,383,'08:30:00',21211.586
1055,-0.8413738865602087,45.70501640869597,16664.547,383,'08:30:00',19997.456
1056,-0.8413738865602087,45.69587060716121,15653.389,383,'08:30:00',18784.067
1057,-0.8413738865602087,45.68672480562646,14642.974,383,'08:30:00',17571.569
1058,-0.8413738865602087,45.6775790040917,13633.467,383,'08:30:00',16360.16
1059,-0.8413738865602087,45.66843320255693,12625.086,383,'08:30:00',15150.103
1060,-0.8413738865602087,45.65928740102219,11618.123,383,'08:30:00',13941.748
1061,-0.8413738865602087,45.65014159948742,10612.982,383,'08:30:00',12735.578
1062,-0.8413738865602087,45.64099579795266,9610.234,383,'08:30:00',11532.281
1063,-0.8413738865602087,45.63184999641791,8610.713,383,'08:30:00',10332.856
1064,-0.8413738865602087,45.62270419488316,7615.691,383,'08:30:00',9138.829
1065,-0.8413738865602087,45.6135583933484,6627.194,383,'08:30:00',7952.633
1066,-0.8413738865602087,45.604412591813634,5648.646,383,'08:30:00',6778.375
1067,-0.8413738865602087,45.595266790278885,4686.284,383,'08:30:00',5623.541
1068,-0.8413738865602087,45.58612098874412,3752.58,383,'08:30:00',4503.096
1069,-0.8413738865602087,45.57697518720937,2875.584,383,'08:30:00',3450.701
1070,-0.8413738865602087,45.56782938567461,2126.648,383,'08:30:00',2551.978
1071,-0.8413738865602087,45.55868358413986,1686.057,383,'08:30:00',2023.268
1072,-0.8413738865602087,45.5495377826051,1797.066,383,'08:30:00',2156.479
1073,-0.8413738865602087,45.540391981070336,2383.82,383,'08:30:00',2860.584
1074,-0.8413738865602087,45.53124617953559,3194.093,383,'08:30:00',3832.912
1075,-0.8413738865602087,45.52210037800083,4097.357,383,'08:30:00',4916.828
1076,-0.8413738865602087,45.51295457646608,5043.897,383,'08:30:00',6052.676
1077,-0.8413738865602087,45.50380877493132,6013.311,383,'08:30:00',7215.973
1078,-0.8413738865602087,45.49466297339656,6996.096,383,'08:30:00',8395.315
1079,-0.8413738865602087,45.4855171718618,7987.318,383,'08:30:00',9584.782
1088,-0.8284662538488085,45.76903701943927,23846.611,383,'08:30:00',28615.933
1089,-0.8284662538488085,45.75989121790451,22836.728,383,'08:30:00',27404.074
1090,-0.8284662538488085,45.75074541636975,21827.464,383,'08:30:00',26192.957
1091,-0.8284662538488085,45.741599614835,20818.909,383,'08:30:00',24982.691
1092,-0.8284662538488085,45.73245381330024,19811.169,383,'08:30:00',23773.403
1093,-0.8284662538488085,45.72330801176549,18804.376,383,'08:30:00',22565.251
1094,-0.8284662538488085,45.714162210230725,17798.691,383,'08:30:00',21358.429
1095,-0.8284662538488085,45.70501640869597,16794.311,383,'08:30:00',20153.173
1096,-0.8284662538488085,45.69587060716121,15791.486,383,'08:30:00',18949.783
1097,-0.8284662538488085,45.68672480562646,14790.532,383,'08:30:00',17748.638
1098,-0.8284662538488085,45.6775790040917,13791.856,383,'08:30:00',16550.227
1099,-0.8284662538488085,45.66843320255693,12795.99,383,'08:30:00',15355.188
1100,-0.8284662538488085,45.65928740102219,11803.646,383,'08:30:00',14164.375
1101,-0.8284662538488085,45.65014159948742,10815.793,383,'08:30:00',12978.952
1102,-0.8284662538488085,45.64099579795266,9833.783,383,'08:30:00',11800.54
1103,-0.8284662538488085,45.63184999641791,8859.559,383,'08:30:00',10631.471
1104,-0.8284662538488085,45.62270419488316,7896.003,383,'08:30:00',9475.204
1105,-0.8284662538488085,45.6135583933484,6947.554,383,'08:30:00',8337.065
1106,-0.8284662538488085,45.604412591813634,6021.355,383,'08:30:00',7225.626
1107,-0.8284662538488085,45.595266790278885,5129.472,383,'08:30:00',6155.366
1108,-0.8284662538488085,45.58612098874412,4293.342,383,'08:30:00',5152.01
1109,-0.8284662538488085,45.57697518720937,3552.551,383,'08:30:00',4263.061
1110,-0.8284662538488085,45.56782938567461,2979.089,383,'08:30:00',3574.907
1111,-0.8284662538488085,45.55868358413986,2682.506,383,'08:30:00',3219.007
1112,-0.8284662538488085,45.5495377826051,2753.762,383,'08:30:00',3304.514
1113,-0.8284662538488085,45.540391981070336,3168.132,383,'08:30:00',3801.758
1114,-0.8284662538488085,45.53124617953559,3815.416,383,'08:30:00',4578.499
1115,-0.8284662538488085,45.52210037800083,4598.283,383,'08:30:00',5517.94
1116,-0.8284662538488085,45.51295457646608,5458.706,383,'08:30:00',6550.447
1117,-0.8284662538488085,45.50380877493132,6365.312,383,'08:30:00',7638.374
1118,-0.8284662538488085,45.49466297339656,7300.915,383,'08:30:00',8761.098
1119,-0.8284662538488085,45.4855171718618,8255.662,383,'08:30:00',9906.794
1129,-0.8155586211374085,45.75989121790451,22975.591,383,'08:30:00',27570.709
1130,-0.8155586211374085,45.75074541636975,21972.73,383,'08:30:00',26367.276
1131,-0.8155586211374085,45.741599614835,20971.186,383,'08:30:00',25165.423
1132,-0.8155586211374085,45.73245381330024,19971.158,383,'08:30:00',23965.39
1133,-0.8155586211374085,45.72330801176549,18972.884,383,'08:30:00',22767.461
1134,-0.8155586211374085,45.714162210230725,17976.657,383,'08:30:00',21571.988
1135,-0.8155586211374085,45.70501640869597,16982.836,383,'08:30:00',20379.403
1136,-0.8155586211374085,45.69587060716121,15991.87,383,'08:30:00',19190.244
1137,-0.8155586211374085,45.68672480562646,15004.324,383,'08:30:00',18005.189
1138,-0.8155586211374085,45.6775790040917,14020.921,383,'08:30:00',16825.105
1139,-0.8155586211374085,45.66843320255693,13042.598,383,'08:30:00',15651.118
1140,-0.8155586211374085,45.65928740102219,12070.588,383,'08:30:00',14484.706
1141,-0.8155586211374085,45.65014159948742,11106.549,383,'08:30:00',13327.859
1142,-0.8155586211374085,45.64099579795266,10152.752,383,'08:30:00',12183.302
1143,-0.8155586211374085,45.63184999641791,9212.378,383,'08:30:00',11054.854
1144,-0.8155586211374085,45.62270419488316,8289.996,383,'08:30:00',9947.995
1145,-0.8155586211374085,45.6135583933484,7392.342,383,'08:30:00',8870.81
1146,-0.8155586211374085,45.604412591813634,6529.622,383,'08:30:00',7835.546
1147,-0.8155586211374085,45.595266790278885,5717.671,383,'08:30:00',6861.205
1148,-0.8155586211374085,45.58612098874412,4981.375,383,'08:30:00',5977.65
1149,-0.8155586211374085,45.57697518720937,4359.239,383,'08:30:00',5231.087
1150,-0.8155586211374085,45.56782938567461,3906.195,383,'08:30:00',4687.434
1151,-0.8155586211374085,45.55868358413986,3685.14,383,'08:30:00',4422.168
1152,-0.8155586211374085,45.5495377826051,3737.467,383,'08:30:00',4484.96
1153,-0.8155586211374085,45.540391981070336,4052.598,383,'08:30:00',4863.118
1154,-0.8155586211374085,45.53124617953559,4576.563,383,'08:30:00',5491.876
1155,-0.8155586211374085,45.52210037800083,5247.168,383,'08:30:00',6296.602
1156,-0.8155586211374085,45.51295457646608,6015.569,383,'08:30:00',7218.683
1157,-0.8155586211374085,45.50380877493132,6848.929,383,'08:30:00',8218.715
1158,-0.8155586211374085,45.49466297339656,7726.256,383,'08:30:00',9271.507
1159,-0.8155586211374085,45.4855171718618,8634.156,383,'08:30:00',10360.987
1170,-0.8026509884260082,45.75074541636975,22162.76,383,'08:30:00',26595.312
1171,-0.8026509884260082,45.741599614835,21170.241,383,'08:30:00',25404.289
1172,-0.8026509884260082,45.73245381330024,20180.113,383,'08:30:00',24216.136
1173,-0.8026509884260082,45.72330801176549,19192.746,383,'08:30:00',23031.295
1174,-0.8026509884260082,45.714162210230725,18208.59,383,'08:30:00',21850.308
1175,-0.8026509884260082,45.70501640869597,17228.193,383,'08:30:00',20673.832
1176,-0.8026509884260082,45.69587060716121,16252.237,383,'08:30:00',19502.684
1177,-0.8026509884260082,45.68672480562646,15281.571,383,'08:30:00',18337.885
1178,-0.8026509884260082,45.6775790040917,14317.272,383,'08:30:00',17180.726
1179,-0.8026509884260082,45.66843320255693,13360.717,383,'08:30:00',16032.86
1180,-0.8026509884260082,45.65928740102219,12413.696,383,'08:30:00',14896.435
1181,-0.8026509884260082,45.65014159948742,11478.57,383,'08:30:00',13774.284
1182,-0.8026509884260082,45.64099579795266,10558.498,383,'08:30:00',12670.198
1183,-0.8026509884260082,45.63184999641791,9657.783,383,'08:30:00',11589.34
1184,-0.8026509884260082,45.62270419488316,8782.384,383,'08:30:00',10538.861
1185,-0.8026509884260082,45.6135583933484,7940.675,383,'08:30:00',9528.81
1186,-0.8026509884260082,45.604412591813634,7144.573,383,'08:30:00',8573.488
1187,-0.8026509884260082,45.595266790278885,6411.091,383,'08:30:00',7693.309
1188,-0.8026509884260082,45.58612098874412,5764.182,383,'08:30:00',6917.018
1189,-0.8026509884260082,45.57697518720937,5236.032,383,'08:30:00',6283.238
1190,-0.8026509884260082,45.56782938567461,4865.469,383,'08:30:00',5838.563
1191,-0.8026509884260082,45.55868358413986,4689.995,383,'08:30:00',5627.994
1192,-0.8026509884260082,45.5495377826051,4731.365,383,'08:30:00',5677.638
1193,-0.8026509884260082,45.540391981070336,4984.183,383,'08:30:00',5981.02
1194,-0.8026509884260082,45.53124617953559,5418.931,383,'08:30:00',6502.717
1195,-0.8026509884260082,45.52210037800083,5996.167,383,'08:30:00',7195.4
1196,-0.8026509884260082,45.51295457646608,6679.049,383,'08:30:00',8014.859
1197,-0.8026509884260082,45.50380877493132,7438.536,383,'08:30:00',8926.243
1198,-0.8026509884260082,45.49466297339656,8253.507,383,'08:30:00',9904.208
1199,-0.8026509884260082,45.4855171718618,9109.081,383,'08:30:00',10930.897
1211,-0.7897433557146082,45.741599614835,21414.769,383,'08:30:00',25697.723
1212,-0.7897433557146082,45.73245381330024,20436.533,383,'08:30:00',24523.84
1213,-0.7897433557146082,45.72330801176549,19462.224,383,'08:30:00',23354.669
1214,-0.7897433557146082,45.714162210230725,18492.46,383,'08:30:00',22190.952
1215,-0.7897433557146082,45.70501640869597,17527.997,383,'08:30:00',21033.596
1216,-0.7897433557146082,45.69587060716121,16569.76,383,'08:30:00',19883.712
1217,-0.7897433557146082,45.68672480562646,15618.894,383,'08:30:00',18742.673
1218,-0.7897433557146082,45.6775790040917,14676.832,383,'08:30:00',17612.198
1219,-0.7897433557146082,45.66843320255693,13745.383,383,'08:30:00',16494.46
1220,-0.7897433557146082,45.65928740102219,12826.861,383,'08:30:00',15392.233
1221,-0.7897433557146082,45.65014159948742,11924.251,383,'08:30:00',14309.101
1222,-0.7897433557146082,45.64099579795266,11041.457,383,'08:30:00',13249.748
1223,-0.7897433557146082,45.63184999641791,10183.633,383,'08:30:00',12220.36
1224,-0.7897433557146082,45.62270419488316,9357.647,383,'08:30:00',11229.176
1225,-0.7897433557146082,45.6135583933484,8572.707,383,'08:30:00',10287.248
1226,-0.7897433557146082,45.604412591813634,7841.149,383,'08:30:00',9409.379
1227,-0.7897433557146082,45.595266790278885,7179.309,383,'08:30:00',8615.171
1228,-0.7897433557146082,45.58612098874412,6608.167,383,'08:30:00',7929.8
1229,-0.7897433557146082,45.57697518720937,6153.032,383,'08:30:00',7383.638
1230,-0.7897433557146082,45.56782938567461,5841.084,383,'08:30:00',7009.301
1231,-0.7897433557146082,45.55868358413986,5695.895,383,'08:30:00',6835.074
1232,-0.7897433557146082,45.5495377826051,5730.155,383,'08:30:00',6876.186
1233,-0.7897433557146082,45.540391981070336,5940.76,383,'08:30:00',7128.912
1234,-0.7897433557146082,45.53124617953559,6310.076,383,'08:30:00',7572.091
1235,-0.7897433557146082,45.52210037800083,6812.339,383,'08:30:00',8174.807
1236,-0.7897433557146082,45.51295457646608,7420.602,383,'08:30:00',8904.722
1237,-0.7897433557146082,45.50380877493132,8111.051,383,'08:30:00',9733.261
1238,-0.7897433557146082,45.49466297339656,8864.502,383,'08:30:00',10637.402
1239,-0.7897433557146082,45.4855171718618,9666.234,383,'08:30:00',11599.481
1252,-0.7768357230032082,45.73245381330024,20738.658,383,'08:30:00',24886.39
1253,-0.7768357230032082,45.72330801176549,19779.287,383,'08:30:00',23735.144
1254,-0.7768357230032082,45.714162210230725,18825.917,383,'08:30:00',22591.1
1255,-0.7768357230032082,45.70501640869597,17879.508,383,'08:30:00',21455.41
1256,-0.7768357230032082,45.69587060716121,16941.224,383,'08:30:00',20329.469
1257,-0.7768357230032082,45.68672480562646,16012.496,383,'08:30:00',19214.995
1258,-0.7768357230032082,45.6775790040917,15095.085,383,'08:30:00',18114.102
1259,-0.7768357230032082,45.66843320255693,14191.187,383,'08:30:00',17029.424
1260,-0.7768357230032082,45.65928740102219,13303.557,383,'08:30:00',15964.268
1261,-0.7768357230032082,45.65014159948742,12435.677,383,'08:30:00',14922.812
1262,-0.7768357230032082,45.64099579795266,11591.984,383,'08:30:00',13910.381
1263,-0.7768357230032082,45.63184999641791,10778.159,383,'08:30:00',12933.791
1264,-0.7768357230032082,45.62270419488316,10001.496,383,'08:30:00',12001.795
1265,-0.7768357230032082,45.6135583933484,9271.337,383,'08:30:00',11125.604
1266,-0.7768357230032082,45.604412591813634,8599.537,383,'08:30:00',10319.444
1267,-0.7768357230032082,45.595266790278885,8000.807,383,'08:30:00',9600.968
1268,-0.7768357230032082,45.58612098874412,7492.686,383,'08:30:00',8991.223
1269,-0.7768357230032082,45.57697518720937,7094.667,383,'08:30:00',8513.6
1270,-0.7768357230032082,45.56782938567461,6826.036,383,'08:30:00',8191.243
1271,-0.7768357230032082,45.55868358413986,6702.369,383,'08:30:00',8042.843
1272,-0.7768357230032082,45.5495377826051,6731.66,383,'08:30:00',8077.992
1273,-0.7768357230032082,45.540391981070336,6911.962,383,'08:30:00',8294.354
1274,-0.7768357230032082,45.53124617953559,7231.99,383,'08:30:00',8678.388
1275,-0.7768357230032082,45.52210037800083,7674.282,383,'08:30:00',9209.138
1276,-0.7768357230032082,45.51295457646608,8219.123,383,'08:30:00',9862.948
1277,-0.7768357230032082,45.50380877493132,8847.588,383,'08:30:00',10617.106
1278,-0.7768357230032082,45.49466297339656,9543.17,383,'08:30:00',11451.804
1279,-0.7768357230032082,45.4855171718618,10292.269,383,'08:30:00',12350.723
1293,-0.7639280902918082,45.72330801176549,20141.691,383,'08:30:00',24170.029
1294,-0.7639280902918082,45.714162210230725,19206.38,383,'08:30:00',23047.656
1295,-0.7639280902918082,45.70501640869597,18279.743,383,'08:30:00',21935.692
1296,-0.7639280902918082,45.69587060716121,17363.169,383,'08:30:00',20835.803
1297,-0.7639280902918082,45.68672480562646,16458.34,383,'08:30:00',19750.008
1298,-0.7639280902918082,45.6775790040917,15567.302,383,'08:30:00',18680.762
1299,-0.7639280902918082,45.66843320255693,14692.564,383,'08:30:00',17631.077
1300,-0.7639280902918082,45.65928740102219,13837.219,383,'08:30:00',16604.663
1301,-0.7639280902918082,45.65014159948742,13005.092,383,'08:30:00',15606.11
1302,-0.7639280902918082,45.64099579795266,12200.935,383,'08:30:00',14641.122
1303,-0.7639280902918082,45.63184999641791,11430.651,383,'08:30:00',13716.781
1304,-0.7639280902918082,45.62270419488316,10701.558,383,'08:30:00',12841.87
1305,-0.7639280902918082,45.6135583933484,10022.648,383,'08:30:00',12027.178
1306,-0.7639280902918082,45.604412591813634,9404.795,383,'08:30:00',11285.754
1307,-0.7639280902918082,45.595266790278885,8860.779,383,'08:30:00',10632.935
1308,-0.7639280902918082,45.58612098874412,8404.95,383,'08:30:00',10085.94
1309,-0.7639280902918082,45.57697518720937,8052.298,383,'08:30:00',9662.758
1310,-0.7639280902918082,45.56782938567461,7816.798,383,'08:30:00',9380.158
1311,-0.7639280902918082,45.55868358413986,7709.193,383,'08:30:00',9251.032
1312,-0.7639280902918082,45.5495377826051,7734.824,383,'08:30:00',9281.789
1313,-0.7639280902918082,45.540391981070336,7892.391,383,'08:30:00',9470.869
1314,-0.7639280902918082,45.53124617953559,8174.267,383,'08:30:00',9809.12
1315,-0.7639280902918082,45.52210037800083,8568.192,383,'08:30:00',10281.83
1316,-0.7639280902918082,45.51295457646608,9059.562,383,'08:30:00',10871.474
1317,-0.7639280902918082,45.50380877493132,9633.475,383,'08:30:00',11560.17
1318,-0.7639280902918082,45.49466297339656,10276.112,383,'08:30:00',12331.334
1319,-0.7639280902918082,45.4855171718618,10975.406,383,'08:30:00',13170.487
