centroid_id,longitude,latitude
0,-1.17697233705661,45.84220343171732
1,-1.17697233705661,45.83305763018257
2,-1.17697233705661,45.823911828647816
3,-1.17697233705661,45.814766027113045
4,-1.17697233705661,45.8056202255783
5,-1.17697233705661,45.79647442404353
6,-1.17697233705661,45.787328622508795
7,-1.17697233705661,45.778182820974024
8,-1.17697233705661,45.76903701943926
9,-1.17697233705661,45.75989121790451
10,-1.17697233705661,45.75074541636975
11,-1.17697233705661,45.741599614834996
12,-1.17697233705661,45.732453813300225
13,-1.17697233705661,45.72330801176548
14,-1.17697233705661,45.714162210230725
15,-1.17697233705661,45.70501640869597
16,-1.17697233705661,45.695870607161204
17,-1.17697233705661,45.68672480562645
18,-1.17697233705661,45.677579004091704
19,-1.17697233705661,45.66843320255693
20,-1.17697233705661,45.65928740102218
21,-1.17697233705661,45.650141599487426
22,-1.17697233705661,45.640995797952684
23,-1.17697233705661,45.631849996417905
24,-1.17697233705661,45.622704194883156
25,-1.17697233705661,45.613558393348406
26,-1.17697233705661,45.604412591813634
27,-1.17697233705661,45.59526679027889
28,-1.17697233705661,45.58612098874411
29,-1.17697233705661,45.576975187209385
30,-1.17697233705661,45.56782938567461
31,-1.17697233705661,45.558683584139864
32,-1.17697233705661,45.54953778260511
33,-1.17697233705661,45.54039198107035
34,-1.17697233705661,45.531246179535586
35,-1.17697233705661,45.52210037800082
36,-1.17697233705661,45.51295457646607
37,-1.17697233705661,45.503808774931315
38,-1.17697233705661,45.49466297339656
39,-1.17697233705661,45.4855171718618
40,-1.1640647043452097,45.84220343171732
41,-1.1640647043452097,45.83305763018257
42,-1.1640647043452097,45.823911828647816
43,-1.1640647043452097,45.814766027113045
44,-1.1640647043452097,45.8056202255783
45,-1.1640647043452097,45.79647442404353
46,-1.1640647043452097,45.787328622508795
47,-1.1640647043452097,45.778182820974024
48,-1.1640647043452097,45.76903701943926
49,-1.1640647043452097,45.75989121790451
50,-1.1640647043452097,45.75074541636975
51,-1.1640647043452097,45.741599614834996
52,-1.1640647043452097,45.732453813300225
53,-1.1640647043452097,45.72330801176548
54,-1.1640647043452097,45.714162210230725
55,-1.1640647043452097,45.70501640869597
56,-1.1640647043452097,45.695870607161204
57,-1.1640647043452097,45.68672480562645
58,-1.1640647043452097,45.677579004091704
59,-1.1640647043452097,45.66843320255693
60,-1.1640647043452097,45.65928740102218
61,-1.1640647043452097,45.650141599487426
62,-1.1640647043452097,45.640995797952684
63,-1.1640647043452097,45.631849996417905
64,-1.1640647043452097,45.622704194883156
65,-1.1640647043452097,45.613558393348406
66,-1.1640647043452097,45.604412591813634
67,-1.1640647043452097,45.59526679027889
68,-1.1640647043452097,45.58612098874411
69,-1.1640647043452097,45.576975187209385
70,-1.1640647043452097,45.56782938567461
71,-1.1640647043452097,45.558683584139864
72,-1.1640647043452097,45.54953778260511
73,-1.1640647043452097,45.54039198107035
74,-1.1640647043452097,45.531246179535586
75,-1.1640647043452097,45.52210037800082
76,-1.1640647043452097,45.51295457646607
77,-1.1640647043452097,45.503808774931315
78,-1.1640647043452097,45.49466297339656
79,-1.1640647043452097,45.4855171718618
80,-1.1511570716338102,45.84220343171732
81,-1.1511570716338102,45.83305763018257
82,-1.1511570716338102,45.823911828647816
83,-1.1511570716338102,45.814766027113045
84,-1.1511570716338102,45.8056202255783
85,-1.1511570716338102,45.79647442404353
86,-1.1511570716338102,45.787328622508795
87,-1.1511570716338102,45.778182820974024
88,-1.1511570716338102,45.76903701943926
89,-1.1511570716338102,45.75989121790451
90,-1.1511570716338102,45.75074541636975
91,-1.1511570716338102,45.741599614834996
92,-1.1511570716338102,45.732453813300225
93,-1.1511570716338102,45.72330801176548
94,-1.1511570716338102,45.714162210230725
95,-1.1511570716338102,45.70501640869597
96,-1.1511570716338102,45.695870607161204
97,-1.1511570716338102,45.68672480562645
98,-1.1511570716338102,45.677579004091704
99,-1.1511570716338102,45.66843320255693
100,-1.1511570716338102,45.65928740102218
101,-1.1511570716338102,45.650141599487426
102,-1.1511570716338102,45.640995797952684
103,-1.1511570716338102,45.631849996417905
104,-1.1511570716338102,45.622704194883156
105,-1.1511570716338102,45.613558393348406
106,-1.1511570716338102,45.604412591813634
107,-1.1511570716338102,45.59526679027889
108,-1.1511570716338102,45.58612098874411
109,-1.1511570716338102,45.576975187209385
110,-1.1511570716338102,45.56782938567461
111,-1.1511570716338102,45.558683584139864
112,-1.1511570716338102,45.54953778260511
113,-1.1511570716338102,45.54039198107035
114,-1.1511570716338102,45.531246179535586
115,-1.1511570716338102,45.52210037800082
116,-1.1511570716338102,45.51295457646607
117,-1.1511570716338102,45.503808774931315
118,-1.1511570716338102,45.49466297339656
119,-1.1511570716338102,45.4855171718618
120,-1.1382494389224096,45.84220343171732
121,-1.1382494389224096,45.83305763018257
122,-1.1382494389224096,45.823911828647816
123,-1.1382494389224096,45.814766027113045
124,-1.1382494389224096,45.8056202255783
125,-1.1382494389224096,45.79647442404353
126,-1.1382494389224096,45.787328622508795
127,-1.1382494389224096,45.778182820974024
128,-1.1382494389224096,45.76903701943926
129,-1.1382494389224096,45.75989121790451
130,-1.1382494389224096,45.75074541636975
131,-1.1382494389224096,45.741599614834996
132,-1.1382494389224096,45.732453813300225
133,-1.1382494389224096,45.72330801176548
134,-1.1382494389224096,45.714162210230725
135,-1.1382494389224096,45.70501640869597
136,-1.1382494389224096,45.695870607161204
137,-1.1382494389224096,45.68672480562645
138,-1.1382494389224096,45.677579004091704
139,-1.1382494389224096,45.66843320255693
140,-1.1382494389224096,45.65928740102218
141,-1.1382494389224096,45.650141599487426
142,-1.1382494389224096,45.640995797952684
143,-1.1382494389224096,45.631849996417905
144,-1.1382494389224096,45.622704194883156
145,-1.1382494389224096,45.613558393348406
146,-1.1382494389224096,45.604412591813634
147,-1.1382494389224096,45.59526679027889
148,-1.1382494389224096,45.58612098874411
149,-1.1382494389224096,45.576975187209385
150,-1.1382494389224096,45.56782938567461
151,-1.1382494389224096,45.558683584139864
152,-1.1382494389224096,45.54953778260511
153,-1.1382494389224096,45.54039198107035
154,-1.1382494389224096,45.531246179535586
155,-1.1382494389224096,45.52210037800082
156,-1.1382494389224096,45.51295457646607
157,-1.1382494389224096,45.503808774931315
158,-1.1382494389224096,45.49466297339656
159,-1.1382494389224096,45.4855171718618
160,-1.1253418062110097,45.84220343171732
161,-1.1253418062110097,45.83305763018257
162,-1.1253418062110097,45.823911828647816
163,-1.1253418062110097,45.814766027113045
164,-1.1253418062110097,45.8056202255783
165,-1.1253418062110097,45.79647442404353
166,-1.1253418062110097,45.787328622508795
167,-1.1253418062110097,45.778182820974024
168,-1.1253418062110097,45.76903701943926
169,-1.1253418062110097,45.75989121790451
170,-1.1253418062110097,45.75074541636975
171,-1.1253418062110097,45.741599614834996
172,-1.1253418062110097,45.732453813300225
173,-1.1253418062110097,45.72330801176548
174,-1.1253418062110097,45.714162210230725
175,-1.1253418062110097,45.70501640869597
176,-1.1253418062110097,45.695870607161204
177,-1.1253418062110097,45.68672480562645
178,-1.1253418062110097,45.677579004091704
179,-1.1253418062110097,45.66843320255693
180,-1.1253418062110097,45.65928740102218
181,-1.1253418062110097,45.650141599487426
182,-1.1253418062110097,45.640995797952684
183,-1.1253418062110097,45.631849996417905
184,-1.1253418062110097,45.622704194883156
185,-1.1253418062110097,45.613558393348406
186,-1.1253418062110097,45.604412591813634
187,-1.1253418062110097,45.59526679027889
188,-1.1253418062110097,45.58612098874411
189,-1.1253418062110097,45.576975187209385
190,-1.1253418062110097,45.56782938567461
191,-1.1253418062110097,45.558683584139864
192,-1.1253418062110097,45.54953778260511
193,-1.1253418062110097,45.54039198107035
194,-1.1253418062110097,45.531246179535586
195,-1.1253418062110097,45.52210037800082
196,-1.1253418062110097,45.51295457646607
197,-1.1253418062110097,45.503808774931315
198,-1.1253418062110097,45.49466297339656
199,-1.1253418062110097,45.4855171718618
200,-1.1124341734996095,45.84220343171732
201,-1.1124341734996095,45.83305763018257
202,-1.1124341734996095,45.823911828647816
203,-1.1124341734996095,45.814766027113045
204,-1.1124341734996095,45.8056202255783
205,-1.1124341734996095,45.79647442404353
206,-1.1124341734996095,45.787328622508795
207,-1.1124341734996095,45.778182820974024
208,-1.1124341734996095,45.76903701943926
209,-1.1124341734996095,45.75989121790451
210,-1.1124341734996095,45.75074541636975
211,-1.1124341734996095,45.741599614834996
212,-1.1124341734996095,45.732453813300225
213,-1.1124341734996095,45.72330801176548
214,-1.1124341734996095,45.714162210230725
215,-1.1124341734996095,45.70501640869597
216,-1.1124341734996095,45.695870607161204
217,-1.1124341734996095,45.68672480562645
218,-1.1124341734996095,45.677579004091704
219,-1.1124341734996095,45.66843320255693
220,-1.1124341734996095,45.65928740102218
221,-1.1124341734996095,45.650141599487426
222,-1.1124341734996095,45.640995797952684
223,-1.1124341734996095,45.631849996417905
224,-1.1124341734996095,45.622704194883156
225,-1.1124341734996095,45.613558393348406
226,-1.1124341734996095,45.604412591813634
227,-1.1124341734996095,45.59526679027889
228,-1.1124341734996095,45.58612098874411
229,-1.1124341734996095,45.576975187209385
230,-1.1124341734996095,45.56782938567461
231,-1.1124341734996095,45.558683584139864
232,-1.1124341734996095,45.54953778260511
233,-1.1124341734996095,45.54039198107035
234,-1.1124341734996095,45.531246179535586
235,-1.1124341734996095,45.52210037800082
236,-1.1124341734996095,45.51295457646607
237,-1.1124341734996095,45.503808774931315
238,-1.1124341734996095,45.49466297339656
239,-1.1124341734996095,45.4855171718618
240,-1.0995265407882098,45.84220343171732
241,-1.0995265407882098,45.83305763018257
242,-1.0995265407882098,45.823911828647816
243,-1.0995265407882098,45.814766027113045
244,-1.0995265407882098,45.8056202255783
245,-1.0995265407882098,45.79647442404353
246,-1.0995265407882098,45.787328622508795
247,-1.0995265407882098,45.778182820974024
248,-1.0995265407882098,45.76903701943926
249,-1.0995265407882098,45.75989121790451
250,-1.0995265407882098,45.75074541636975
251,-1.0995265407882098,45.741599614834996
252,-1.0995265407882098,45.732453813300225
253,-1.0995265407882098,45.72330801176548
254,-1.0995265407882098,45.714162210230725
255,-1.0995265407882098,45.70501640869597
256,-1.0995265407882098,45.695870607161204
257,-1.0995265407882098,45.68672480562645
258,-1.0995265407882098,45.677579004091704
259,-1.0995265407882098,45.66843320255693
260,-1.0995265407882098,45.65928740102218
261,-1.0995265407882098,45.650141599487426
262,-1.0995265407882098,45.640995797952684
263,-1.0995265407882098,45.631849996417905
264,-1.0995265407882098,45.622704194883156
265,-1.0995265407882098,45.613558393348406
266,-1.0995265407882098,45.604412591813634
267,-1.0995265407882098,45.59526679027889
268,-1.0995265407882098,45.58612098874411
269,-1.0995265407882098,45.576975187209385
270,-1.0995265407882098,45.56782938567461
271,-1.0995265407882098,45.558683584139864
272,-1.0995265407882098,45.54953778260511
273,-1.0995265407882098,45.54039198107035
274,-1.0995265407882098,45.531246179535586
275,-1.0995265407882098,45.52210037800082
276,-1.0995265407882098,45.51295457646607
277,-1.0995265407882098,45.503808774931315
278,-1.0995265407882098,45.49466297339656
279,-1.0995265407882098,45.4855171718618
280,-1.0866189080768094,45.84220343171732
281,-1.0866189080768094,45.83305763018257
282,-1.0866189080768094,45.823911828647816
283,-1.0866189080768094,45.814766027113045
284,-1.0866189080768094,45.8056202255783
285,-1.0866189080768094,45.79647442404353
286,-1.0866189080768094,45.787328622508795
287,-1.0866189080768094,45.778182820974024
288,-1.0866189080768094,45.76903701943926
289,-1.0866189080768094,45.75989121790451
290,-1.0866189080768094,45.75074541636975
291,-1.0866189080768094,45.741599614834996
292,-1.0866189080768094,45.732453813300225
293,-1.0866189080768094,45.72330801176548
294,-1.0866189080768094,45.714162210230725
295,-1.0866189080768094,45.70501640869597
296,-1.0866189080768094,45.695870607161204
297,-1.0866189080768094,45.68672480562645
298,-1.0866189080768094,45.677579004091704
299,-1.0866189080768094,45.66843320255693
300,-1.0866189080768094,45.65928740102218
301,-1.0866189080768094,45.650141599487426
302,-1.0866189080768094,45.640995797952684
303,-1.0866189080768094,45.631849996417905
304,-1.0866189080768094,45.622704194883156
305,-1.0866189080768094,45.613558393348406
306,-1.0866189080768094,45.604412591813634
307,-1.0866189080768094,45.59526679027889
308,-1.0866189080768094,45.58612098874411
309,-1.0866189080768094,45.576975187209385
310,-1.0866189080768094,45.56782938567461
311,-1.0866189080768094,45.558683584139864
312,-1.0866189080768094,45.54953778260511
313,-1.0866189080768094,45.54039198107035
314,-1.0866189080768094,45.531246179535586
315,-1.0866189080768094,45.52210037800082
316,-1.0866189080768094,45.51295457646607
317,-1.0866189080768094,45.503808774931315
318,-1.0866189080768094,45.49466297339656
319,-1.0866189080768094,45.4855171718618
320,-1.0737112753654097,45.84220343171732
321,-1.0737112753654097,45.83305763018257
322,-1.0737112753654097,45.823911828647816
323,-1.0737112753654097,45.814766027113045
324,-1.0737112753654097,45.8056202255783
325,-1.0737112753654097,45.79647442404353
326,-1.0737112753654097,45.787328622508795
327,-1.0737112753654097,45.778182820974024
328,-1.0737112753654097,45.76903701943926
329,-1.0737112753654097,45.75989121790451
330,-1.0737112753654097,45.75074541636975
331,-1.0737112753654097,45.741599614834996
332,-1.0737112753654097,45.732453813300225
333,-1.0737112753654097,45.72330801176548
334,-1.0737112753654097,45.714162210230725
335,-1.0737112753654097,45.70501640869597
336,-1.0737112753654097,45.695870607161204
337,-1.0737112753654097,45.68672480562645
338,-1.0737112753654097,45.677579004091704
339,-1.0737112753654097,45.66843320255693
340,-1.0737112753654097,45.65928740102218
341,-1.0737112753654097,45.650141599487426
342,-1.0737112753654097,45.640995797952684
343,-1.0737112753654097,45.631849996417905
344,-1.0737112753654097,45.622704194883156
345,-1.0737112753654097,45.613558393348406
346,-1.0737112753654097,45.604412591813634
347,-1.0737112753654097,45.59526679027889
348,-1.0737112753654097,45.58612098874411
349,-1.0737112753654097,45.576975187209385
350,-1.0737112753654097,45.56782938567461
351,-1.0737112753654097,45.558683584139864
352,-1.0737112753654097,45.54953778260511
353,-1.0737112753654097,45.54039198107035
354,-1.0737112753654097,45.531246179535586
355,-1.0737112753654097,45.52210037800082
356,-1.0737112753654097,45.51295457646607
357,-1.0737112753654097,45.503808774931315
358,-1.0737112753654097,45.49466297339656
359,-1.0737112753654097,45.4855171718618
360,-1.0608036426540093,45.84220343171732
361,-1.0608036426540093,45.83305763018257
362,-1.0608036426540093,45.823911828647816
363,-1.0608036426540093,45.814766027113045
364,-1.0608036426540093,45.8056202255783
365,-1.0608036426540093,45.79647442404353
366,-1.0608036426540093,45.787328622508795
367,-1.0608036426540093,45.778182820974024
368,-1.0608036426540093,45.76903701943926
369,-1.0608036426540093,45.75989121790451
370,-1.0608036426540093,45.75074541636975
371,-1.0608036426540093,45.741599614834996
372,-1.0608036426540093,45.732453813300225
373,-1.0608036426540093,45.72330801176548
374,-1.0608036426540093,45.714162210230725
375,-1.0608036426540093,45.70501640869597
376,-1.0608036426540093,45.695870607161204
377,-1.0608036426540093,45.68672480562645
378,-1.0608036426540093,45.677579004091704
379,-1.0608036426540093,45.66843320255693
380,-1.0608036426540093,45.65928740102218
381,-1.0608036426540093,45.650141599487426
382,-1.0608036426540093,45.640995797952684
383,-1.0608036426540093,45.631849996417905
384,-1.0608036426540093,45.622704194883156
385,-1.0608036426540093,45.613558393348406
386,-1.0608036426540093,45.604412591813634
387,-1.0608036426540093,45.59526679027889
388,-1.0608036426540093,45.58612098874411
389,-1.0608036426540093,45.576975187209385
390,-1.0608036426540093,45.56782938567461
391,-1.0608036426540093,45.558683584139864
392,-1.0608036426540093,45.54953778260511
393,-1.0608036426540093,45.54039198107035
394,-1.0608036426540093,45.531246179535586
395,-1.0608036426540093,45.52210037800082
396,-1.0608036426540093,45.51295457646607
397,-1.0608036426540093,45.503808774931315
398,-1.0608036426540093,45.49466297339656
399,-1.0608036426540093,45.4855171718618
400,-1.0478960099426096,45.84220343171732
401,-1.0478960099426096,45.83305763018257
402,-1.0478960099426096,45.823911828647816
403,-1.0478960099426096,45.814766027113045
404,-1.0478960099426096,45.8056202255783
405,-1.0478960099426096,45.79647442404353
406,-1.0478960099426096,45.787328622508795
407,-1.0478960099426096,45.778182820974024
408,-1.0478960099426096,45.76903701943926
409,-1.0478960099426096,45.75989121790451
410,-1.0478960099426096,45.75074541636975
411,-1.0478960099426096,45.741599614834996
412,-1.0478960099426096,45.732453813300225
413,-1.0478960099426096,45.72330801176548
414,-1.0478960099426096,45.714162210230725
415,-1.0478960099426096,45.70501640869597
416,-1.0478960099426096,45.695870607161204
417,-1.0478960099426096,45.68672480562645
418,-1.0478960099426096,45.677579004091704
419,-1.0478960099426096,45.66843320255693
420,-1.0478960099426096,45.65928740102218
421,-1.0478960099426096,45.650141599487426
422,-1.0478960099426096,45.640995797952684
423,-1.0478960099426096,45.631849996417905
424,-1.0478960099426096,45.622704194883156
425,-1.0478960099426096,45.613558393348406
426,-1.0478960099426096,45.604412591813634
427,-1.0478960099426096,45.59526679027889
428,-1.0478960099426096,45.58612098874411
429,-1.0478960099426096,45.576975187209385
430,-1.0478960099426096,45.56782938567461
431,-1.0478960099426096,45.558683584139864
432,-1.0478960099426096,45.54953778260511
433,-1.0478960099426096,45.54039198107035
434,-1.0478960099426096,45.531246179535586
435,-1.0478960099426096,45.52210037800082
436,-1.0478960099426096,45.51295457646607
437,-1.0478960099426096,45.503808774931315
438,-1.0478960099426096,45.49466297339656
439,-1.0478960099426096,45.4855171718618
440,-1.0349883772312092,45.84220343171732
441,-1.0349883772312092,45.83305763018257
442,-1.0349883772312092,45.823911828647816
443,-1.0349883772312092,45.814766027113045
444,-1.0349883772312092,45.8056202255783
445,-1.0349883772312092,45.79647442404353
446,-1.0349883772312092,45.787328622508795
447,-1.0349883772312092,45.778182820974024
448,-1.0349883772312092,45.76903701943926
449,-1.0349883772312092,45.75989121790451
450,-1.0349883772312092,45.75074541636975
451,-1.0349883772312092,45.741599614834996
452,-1.0349883772312092,45.732453813300225
453,-1.0349883772312092,45.72330801176548
454,-1.0349883772312092,45.714162210230725
455,-1.0349883772312092,45.70501640869597
456,-1.0349883772312092,45.695870607161204
457,-1.0349883772312092,45.68672480562645
458,-1.0349883772312092,45.677579004091704
459,-1.0349883772312092,45.66843320255693
460,-1.0349883772312092,45.65928740102218
461,-1.0349883772312092,45.650141599487426
462,-1.0349883772312092,45.640995797952684
463,-1.0349883772312092,45.631849996417905
464,-1.0349883772312092,45.622704194883156
465,-1.0349883772312092,45.613558393348406
466,-1.0349883772312092,45.604412591813634
467,-1.0349883772312092,45.59526679027889
468,-1.0349883772312092,45.58612098874411
469,-1.0349883772312092,45.576975187209385
470,-1.0349883772312092,45.56782938567461
471,-1.0349883772312092,45.558683584139864
472,-1.0349883772312092,45.54953778260511
473,-1.0349883772312092,45.54039198107035
474,-1.0349883772312092,45.531246179535586
475,-1.0349883772312092,45.52210037800082
476,-1.0349883772312092,45.51295457646607
477,-1.0349883772312092,45.503808774931315
478,-1.0349883772312092,45.49466297339656
479,-1.0349883772312092,45.4855171718618
480,-1.0220807445198092,45.84220343171732
481,-1.0220807445198092,45.83305763018257
482,-1.0220807445198092,45.823911828647816
483,-1.0220807445198092,45.814766027113045
484,-1.0220807445198092,45.8056202255783
485,-1.0220807445198092,45.79647442404353
486,-1.0220807445198092,45.787328622508795
487,-1.0220807445198092,45.778182820974024
488,-1.0220807445198092,45.76903701943926
489,-1.0220807445198092,45.75989121790451
490,-1.0220807445198092,45.75074541636975
491,-1.0220807445198092,45.741599614834996
492,-1.0220807445198092,45.732453813300225
493,-1.0220807445198092,45.72330801176548
494,-1.0220807445198092,45.714162210230725
495,-1.0220807445198092,45.70501640869597
496,-1.0220807445198092,45.695870607161204
497,-1.0220807445198092,45.68672480562645
498,-1.0220807445198092,45.677579004091704
499,-1.0220807445198092,45.66843320255693
500,-1.0220807445198092,45.65928740102218
501,-1.0220807445198092,45.650141599487426
502,-1.0220807445198092,45.640995797952684
503,-1.0220807445198092,45.631849996417905
504,-1.0220807445198092,45.622704194883156
505,-1.0220807445198092,45.613558393348406
506,-1.0220807445198092,45.604412591813634
507,-1.0220807445198092,45.59526679027889
508,-1.0220807445198092,45.58612098874411
509,-1.0220807445198092,45.576975187209385
510,-1.0220807445198092,45.56782938567461
511,-1.0220807445198092,45.558683584139864
512,-1.0220807445198092,45.54953778260511
513,-1.0220807445198092,45.54039198107035
514,-1.0220807445198092,45.531246179535586
515,-1.0220807445198092,45.52210037800082
516,-1.0220807445198092,45.51295457646607
517,-1.0220807445198092,45.503808774931315
518,-1.0220807445198092,45.49466297339656
519,-1.0220807445198092,45.4855171718618
520,-1.0091731118084093,45.84220343171732
521,-1.0091731118084093,45.83305763018257
522,-1.0091731118084093,45.823911828647816
523,-1.0091731118084093,45.814766027113045
524,-1.0091731118084093,45.8056202255783
525,-1.0091731118084093,45.79647442404353
526,-1.0091731118084093,45.787328622508795
527,-1.0091731118084093,45.778182820974024
528,-1.0091731118084093,45.76903701943926
529,-1.0091731118084093,45.75989121790451
530,-1.0091731118084093,45.75074541636975
531,-1.0091731118084093,45.741599614834996
532,-1.0091731118084093,45.732453813300225
533,-1.0091731118084093,45.72330801176548
534,-1.0091731118084093,45.714162210230725
535,-1.0091731118084093,45.70501640869597
536,-1.0091731118084093,45.695870607161204
537,-1.0091731118084093,45.68672480562645
538,-1.0091731118084093,45.677579004091704
539,-1.0091731118084093,45.66843320255693
540,-1.0091731118084093,45.65928740102218
541,-1.0091731118084093,45.650141599487426
542,-1.0091731118084093,45.640995797952684
543,-1.0091731118084093,45.631849996417905
544,-1.0091731118084093,45.622704194883156
545,-1.0091731118084093,45.613558393348406
546,-1.0091731118084093,45.604412591813634
547,-1.0091731118084093,45.59526679027889
548,-1.0091731118084093,45.58612098874411
549,-1.0091731118084093,45.576975187209385
550,-1.0091731118084093,45.56782938567461
551,-1.0091731118084093,45.558683584139864
552,-1.0091731118084093,45.54953778260511
553,-1.0091731118084093,45.54039198107035
554,-1.0091731118084093,45.531246179535586
555,-1.0091731118084093,45.52210037800082
556,-1.0091731118084093,45.51295457646607
557,-1.0091731118084093,45.503808774931315
558,-1.0091731118084093,45.49466297339656
559,-1.0091731118084093,45.4855171718618
560,-0.996265479097009,45.84220343171732
561,-0.996265479097009,45.83305763018257
562,-0.996265479097009,45.823911828647816
563,-0.996265479097009,45.814766027113045
564,-0.996265479097009,45.8056202255783
565,-0.996265479097009,45.79647442404353
566,-0.996265479097009,45.787328622508795
567,-0.996265479097009,45.778182820974024
568,-0.996265479097009,45.769037019439274
569,-0.996265479097009,45.75989121790451
570,-0.996265479097009,45.75074541636975
571,-0.996265479097009,45.741599614834996
572,-0.996265479097009,45.73245381330024
573,-0.996265479097009,45.72330801176549
574,-0.996265479097009,45.714162210230725
575,-0.996265479097009,45.70501640869597
576,-0.996265479097009,45.695870607161204
577,-0.996265479097009,45.68672480562646
578,-0.996265479097009,45.677579004091704
579,-0.996265479097009,45.66843320255693
580,-0.996265479097009,45.65928740102218
581,-0.996265479097009,45.65014159948742
582,-0.996265479097009,45.640995797952655
583,-0.996265479097009,45.631849996417905
584,-0.996265479097009,45.622704194883156
585,-0.996265479097009,45.6135583933484
586,-0.996265479097009,45.604412591813634
587,-0.996265479097009,45.59526679027889
588,-0.996265479097009,45.58612098874411
589,-0.996265479097009,45.57697518720937
590,-0.996265479097009,45.56782938567461
591,-0.996265479097009,45.558683584139864
592,-0.996265479097009,45.54953778260511
593,-0.996265479097009,45.54039198107035
594,-0.996265479097009,45.531246179535586
595,-0.996265479097009,45.52210037800083
596,-0.996265479097009,45.51295457646607
597,-0.996265479097009,45.503808774931315
598,-0.996265479097009,45.49466297339656
599,-0.996265479097009,45.4855171718618
600,-0.9833578463856092,45.84220343171732
601,-0.9833578463856092,45.83305763018257
602,-0.9833578463856092,45.823911828647816
603,-0.9833578463856092,45.814766027113045
604,-0.9833578463856092,45.8056202255783
605,-0.9833578463856092,45.79647442404353
606,-0.9833578463856092,45.787328622508795
607,-0.9833578463856092,45.778182820974024
608,-0.9833578463856092,45.769037019439274
609,-0.9833578463856092,45.75989121790451
610,-0.9833578463856092,45.75074541636975
611,-0.9833578463856092,45.741599614834996
612,-0.9833578463856092,45.73245381330024
613,-0.9833578463856092,45.72330801176549
614,-0.9833578463856092,45.714162210230725
615,-0.9833578463856092,45.70501640869597
616,-0.9833578463856092,45.695870607161204
617,-0.9833578463856092,45.68672480562646
618,-0.9833578463856092,45.677579004091704
619,-0.9833578463856092,45.66843320255693
620,-0.9833578463856092,45.65928740102218
621,-0.9833578463856092,45.65014159948742
622,-0.9833578463856092,45.640995797952655
623,-0.9833578463856092,45.631849996417905
624,-0.9833578463856092,45.622704194883156
625,-0.9833578463856092,45.6135583933484
626,-0.9833578463856092,45.604412591813634
627,-0.9833578463856092,45.59526679027889
628,-0.9833578463856092,45.58612098874411
629,-0.9833578463856092,45.57697518720937
630,-0.9833578463856092,45.56782938567461
631,-0.9833578463856092,45.558683584139864
632,-0.9833578463856092,45.54953778260511
633,-0.9833578463856092,45.54039198107035
634,-0.9833578463856092,45.531246179535586
635,-0.9833578463856092,45.52210037800083
636,-0.9833578463856092,45.51295457646607
637,-0.9833578463856092,45.503808774931315
638,-0.9833578463856092,45.49466297339656
639,-0.9833578463856092,45.4855171718618
640,-0.9704502136742091,45.84220343171732
641,-0.9704502136742091,45.83305763018257
642,-0.9704502136742091,45.823911828647816
643,-0.9704502136742091,45.814766027113045
644,-0.9704502136742091,45.8056202255783
645,-0.9704502136742091,45.79647442404353
646,-0.9704502136742091,45.787328622508795
647,-0.9704502136742091,45.778182820974024
648,-0.9704502136742091,45.769037019439274
649,-0.9704502136742091,45.75989121790451
650,-0.9704502136742091,45.75074541636975
651,-0.9704502136742091,45.741599614834996
652,-0.9704502136742091,45.73245381330024
653,-0.9704502136742091,45.72330801176549
654,-0.9704502136742091,45.714162210230725
655,-0.9704502136742091,45.70501640869597
656,-0.9704502136742091,45.695870607161204
657,-0.9704502136742091,45.68672480562646
658,-0.9704502136742091,45.677579004091704
659,-0.9704502136742091,45.66843320255693
660,-0.9704502136742091,45.65928740102218
661,-0.9704502136742091,45.65014159948742
662,-0.9704502136742091,45.640995797952655
663,-0.9704502136742091,45.631849996417905
664,-0.9704502136742091,45.622704194883156
665,-0.9704502136742091,45.6135583933484
666,-0.9704502136742091,45.604412591813634
667,-0.9704502136742091,45.59526679027889
668,-0.9704502136742091,45.58612098874411
669,-0.9704502136742091,45.57697518720937
670,-0.9704502136742091,45.56782938567461
671,-0.9704502136742091,45.558683584139864
672,-0.9704502136742091,45.54953778260511
673,-0.9704502136742091,45.54039198107035
674,-0.9704502136742091,45.531246179535586
675,-0.9704502136742091,45.52210037800083
676,-0.9704502136742091,45.51295457646607
677,-0.9704502136742091,45.503808774931315
678,-0.9704502136742091,45.49466297339656
679,-0.9704502136742091,45.4855171718618
680,-0.9575425809628092,45.84220343171732
681,-0.9575425809628092,45.83305763018257
682,-0.9575425809628092,45.823911828647816
683,-0.9575425809628092,45.814766027113045
684,-0.9575425809628092,45.8056202255783
685,-0.9575425809628092,45.79647442404353
686,-0.9575425809628092,45.787328622508795
687,-0.9575425809628092,45.778182820974024
688,-0.9575425809628092,45.769037019439274
689,-0.9575425809628092,45.75989121790451
690,-0.9575425809628092,45.75074541636975
691,-0.9575425809628092,45.741599614834996
692,-0.9575425809628092,45.73245381330024
693,-0.9575425809628092,45.72330801176549
694,-0.9575425809628092,45.714162210230725
695,-0.9575425809628092,45.70501640869597
696,-0.9575425809628092,45.695870607161204
697,-0.9575425809628092,45.68672480562646
698,-0.9575425809628092,45.677579004091704
699,-0.9575425809628092,45.66843320255693
700,-0.9575425809628092,45.65928740102218
701,-0.9575425809628092,45.65014159948742
702,-0.9575425809628092,45.640995797952655
703,-0.9575425809628092,45.631849996417905
704,-0.9575425809628092,45.622704194883156
705,-0.9575425809628092,45.6135583933484
706,-0.9575425809628092,45.604412591813634
707,-0.9575425809628092,45.59526679027889
708,-0.9575425809628092,45.58612098874411
709,-0.9575425809628092,45.57697518720937
710,-0.9575425809628092,45.56782938567461
711,-0.9575425809628092,45.558683584139864
712,-0.9575425809628092,45.54953778260511
713,-0.9575425809628092,45.54039198107035
714,-0.9575425809628092,45.531246179535586
715,-0.9575425809628092,45.52210037800083
716,-0.9575425809628092,45.51295457646607
717,-0.9575425809628092,45.503808774931315
718,-0.9575425809628092,45.49466297339656
719,-0.9575425809628092,45.4855171718618
720,-0.944634948251409,45.84220343171732
721,-0.944634948251409,45.83305763018257
722,-0.944634948251409,45.823911828647816
723,-0.944634948251409,45.814766027113045
724,-0.944634948251409,45.8056202255783
725,-0.944634948251409,45.79647442404353
726,-0.944634948251409,45.787328622508795
727,-0.944634948251409,45.778182820974024
728,-0.944634948251409,45.769037019439274
729,-0.944634948251409,45.75989121790451
730,-0.944634948251409,45.75074541636975
731,-0.944634948251409,45.741599614834996
732,-0.944634948251409,45.73245381330024
733,-0.944634948251409,45.72330801176549
734,-0.944634948251409,45.714162210230725
735,-0.944634948251409,45.70501640869597
736,-0.944634948251409,45.695870607161204
737,-0.944634948251409,45.68672480562646
738,-0.944634948251409,45.677579004091704
739,-0.944634948251409,45.66843320255693
740,-0.944634948251409,45.65928740102218
741,-0.944634948251409,45.65014159948742
742,-0.944634948251409,45.640995797952655
743,-0.944634948251409,45.631849996417905
744,-0.944634948251409,45.622704194883156
745,-0.944634948251409,45.6135583933484
746,-0.944634948251409,45.604412591813634
747,-0.944634948251409,45.59526679027889
748,-0.944634948251409,45.58612098874411
749,-0.944634948251409,45.57697518720937
750,-0.944634948251409,45.56782938567461
751,-0.944634948251409,45.558683584139864
752,-0.944634948251409,45.54953778260511
753,-0.944634948251409,45.54039198107035
754,-0.944634948251409,45.531246179535586
755,-0.944634948251409,45.52210037800083
756,-0.944634948251409,45.51295457646607
757,-0.944634948251409,45.503808774931315
758,-0.944634948251409,45.49466297339656
759,-0.944634948251409,45.4855171718618
760,-0.9317273155400088,45.84220343171732
761,-0.9317273155400088,45.83305763018257
762,-0.9317273155400088,45.823911828647816
763,-0.9317273155400088,45.814766027113045
764,-0.9317273155400088,45.8056202255783
765,-0.9317273155400088,45.79647442404353
766,-0.9317273155400088,45.787328622508795
767,-0.9317273155400088,45.778182820974024
768,-0.9317273155400088,45.769037019439274
769,-0.9317273155400088,45.75989121790451
770,-0.9317273155400088,45.75074541636975
771,-0.9317273155400088,45.741599614834996
772,-0.9317273155400088,45.73245381330024
773,-0.9317273155400088,45.72330801176549
774,-0.9317273155400088,45.714162210230725
775,-0.9317273155400088,45.70501640869597
776,-0.9317273155400088,45.695870607161204
777,-0.9317273155400088,45.68672480562646
778,-0.9317273155400088,45.677579004091704
779,-0.9317273155400088,45.66843320255693
780,-0.9317273155400088,45.65928740102218
781,-0.9317273155400088,45.65014159948742
782,-0.9317273155400088,45.640995797952655
783,-0.9317273155400088,45.631849996417905
784,-0.9317273155400088,45.622704194883156
785,-0.9317273155400088,45.6135583933484
786,-0.9317273155400088,45.604412591813634
787,-0.9317273155400088,45.59526679027889
788,-0.9317273155400088,45.58612098874411
789,-0.9317273155400088,45.57697518720937
790,-0.9317273155400088,45.56782938567461
791,-0.9317273155400088,45.558683584139864
792,-0.9317273155400088,45.54953778260511
793,-0.9317273155400088,45.54039198107035
794,-0.9317273155400088,45.531246179535586
795,-0.9317273155400088,45.52210037800083
796,-0.9317273155400088,45.51295457646607
797,-0.9317273155400088,45.503808774931315
798,-0.9317273155400088,45.49466297339656
799,-0.9317273155400088,45.4855171718618
800,-0.9188196828286088,45.84220343171732
801,-0.9188196828286088,45.83305763018257
802,-0.9188196828286088,45.823911828647816
803,-0.9188196828286088,45.814766027113045
804,-0.9188196828286088,45.8056202255783
805,-0.9188196828286088,45.79647442404353
806,-0.9188196828286088,45.787328622508795
807,-0.9188196828286088,45.778182820974024
808,-0.9188196828286088,45.769037019439274
809,-0.9188196828286088,45.75989121790451
810,-0.9188196828286088,45.75074541636975
811,-0.9188196828286088,45.741599614834996
812,-0.9188196828286088,45.73245381330024
813,-0.9188196828286088,45.72330801176549
814,-0.9188196828286088,45.714162210230725
815,-0.9188196828286088,45.70501640869597
816,-0.9188196828286088,45.695870607161204
817,-0.9188196828286088,45.68672480562646
818,-0.9188196828286088,45.677579004091704
819,-0.9188196828286088,45.66843320255693
820,-0.9188196828286088,45.65928740102218
821,-0.9188196828286088,45.65014159948742
822,-0.9188196828286088,45.640995797952655
823,-0.9188196828286088,45.631849996417905
824,-0.9188196828286088,45.622704194883156
825,-0.9188196828286088,45.6135583933484
826,-0.9188196828286088,45.604412591813634
827,-0.9188196828286088,45.59526679027889
828,-0.9188196828286088,45.58612098874411
829,-0.9188196828286088,45.57697518720937
830,-0.9188196828286088,45.56782938567461
831,-0.9188196828286088,45.558683584139864
832,-0.9188196828286088,45.54953778260511
833,-0.9188196828286088,45.54039198107035
834,-0.9188196828286088,45.531246179535586
835,-0.9188196828286088,45.52210037800083
836,-0.9188196828286088,45.51295457646607
837,-0.9188196828286088,45.503808774931315
838,-0.9188196828286088,45.49466297339656
839,-0.9188196828286088,45.4855171718618
840,-0.9059120501172084,45.84220343171732
841,-0.9059120501172084,45.83305763018257
842,-0.9059120501172084,45.823911828647816
843,-0.9059120501172084,45.814766027113045
844,-0.9059120501172084,45.8056202255783
845,-0.9059120501172084,45.79647442404353
846,-0.9059120501172084,45.787328622508795
847,-0.9059120501172084,45.778182820974024
848,-0.9059120501172084,45.769037019439274
849,-0.9059120501172084,45.75989121790451
850,-0.9059120501172084,45.75074541636975
851,-0.9059120501172084,45.741599614834996
852,-0.9059120501172084,45.73245381330024
853,-0.9059120501172084,45.72330801176549
854,-0.9059120501172084,45.714162210230725
855,-0.9059120501172084,45.70501640869597
856,-0.9059120501172084,45.695870607161204
857,-0.9059120501172084,45.68672480562646
858,-0.9059120501172084,45.677579004091704
859,-0.9059120501172084,45.66843320255693
860,-0.9059120501172084,45.65928740102218
861,-0.9059120501172084,45.65014159948742
862,-0.9059120501172084,45.640995797952655
863,-0.9059120501172084,45.631849996417905
864,-0.9059120501172084,45.622704194883156
865,-0.9059120501172084,45.6135583933484
866,-0.9059120501172084,45.604412591813634
867,-0.9059120501172084,45.59526679027889
868,-0.9059120501172084,45.58612098874411
869,-0.9059120501172084,45.57697518720937
870,-0.9059120501172084,45.56782938567461
871,-0.9059120501172084,45.558683584139864
872,-0.9059120501172084,45.54953778260511
873,-0.9059120501172084,45.54039198107035
874,-0.9059120501172084,45.531246179535586
875,-0.9059120501172084,45.52210037800083
876,-0.9059120501172084,45.51295457646607
877,-0.9059120501172084,45.503808774931315
878,-0.9059120501172084,45.49466297339656
879,-0.9059120501172084,45.4855171718618
880,-0.8930044174058086,45.84220343171732
881,-0.8930044174058086,45.83305763018257
882,-0.8930044174058086,45.823911828647816
883,-0.8930044174058086,45.814766027113045
884,-0.8930044174058086,45.8056202255783
885,-0.8930044174058086,45.79647442404353
886,-0.8930044174058086,45.787328622508795
887,-0.8930044174058086,45.778182820974024
888,-0.8930044174058086,45.769037019439274
889,-0.8930044174058086,45.75989121790451
890,-0.8930044174058086,45.75074541636975
891,-0.8930044174058086,45.741599614834996
892,-0.8930044174058086,45.73245381330024
893,-0.8930044174058086,45.72330801176549
894,-0.8930044174058086,45.714162210230725
895,-0.8930044174058086,45.70501640869597
896,-0.8930044174058086,45.695870607161204
897,-0.8930044174058086,45.68672480562646
898,-0.8930044174058086,45.677579004091704
899,-0.8930044174058086,45.66843320255693
900,-0.8930044174058086,45.65928740102218
901,-0.8930044174058086,45.65014159948742
902,-0.8930044174058086,45.640995797952655
903,-0.8930044174058086,45.631849996417905
904,-0.8930044174058086,45.622704194883156
905,-0.8930044174058086,45.6135583933484
906,-0.8930044174058086,45.604412591813634
907,-0.8930044174058086,45.59526679027889
908,-0.8930044174058086,45.58612098874411
909,-0.8930044174058086,45.57697518720937
910,-0.8930044174058086,45.56782938567461
911,-0.8930044174058086,45.558683584139864
912,-0.8930044174058086,45.54953778260511
913,-0.8930044174058086,45.54039198107035
914,-0.8930044174058086,45.531246179535586
915,-0.8930044174058086,45.52210037800083
916,-0.8930044174058086,45.51295457646607
917,-0.8930044174058086,45.503808774931315
918,-0.8930044174058086,45.49466297339656
919,-0.8930044174058086,45.4855171718618
920,-0.8800967846944086,45.84220343171732
921,-0.8800967846944086,45.83305763018257
922,-0.8800967846944086,45.823911828647816
923,-0.8800967846944086,45.814766027113045
924,-0.8800967846944086,45.8056202255783
925,-0.8800967846944086,45.79647442404353
926,-0.8800967846944086,45.787328622508795
927,-0.8800967846944086,45.778182820974024
928,-0.8800967846944086,45.769037019439274
929,-0.8800967846944086,45.75989121790451
930,-0.8800967846944086,45.75074541636975
931,-0.8800967846944086,45.741599614834996
932,-0.8800967846944086,45.73245381330024
933,-0.8800967846944086,45.72330801176549
934,-0.8800967846944086,45.714162210230725
935,-0.8800967846944086,45.70501640869597
936,-0.8800967846944086,45.695870607161204
937,-0.8800967846944086,45.68672480562646
938,-0.8800967846944086,45.677579004091704
939,-0.8800967846944086,45.66843320255693
940,-0.8800967846944086,45.65928740102218
941,-0.8800967846944086,45.65014159948742
942,-0.8800967846944086,45.640995797952655
943,-0.8800967846944086,45.631849996417905
944,-0.8800967846944086,45.622704194883156
945,-0.8800967846944086,45.6135583933484
946,-0.8800967846944086,45.604412591813634
947,-0.8800967846944086,45.59526679027889
948,-0.8800967846944086,45.58612098874411
949,-0.8800967846944086,45.57697518720937
950,-0.8800967846944086,45.56782938567461
951,-0.8800967846944086,45.558683584139864
952,-0.8800967846944086,45.54953778260511
953,-0.8800967846944086,45.54039198107035
954,-0.8800967846944086,45.531246179535586
955,-0.8800967846944086,45.52210037800083
956,-0.8800967846944086,45.51295457646607
957,-0.8800967846944086,45.503808774931315
958,-0.8800967846944086,45.49466297339656
959,-0.8800967846944086,45.4855171718618
960,-0.8671891519830087,45.84220343171732
961,-0.8671891519830087,45.83305763018257
962,-0.8671891519830087,45.823911828647816
963,-0.8671891519830087,45.814766027113045
964,-0.8671891519830087,45.8056202255783
965,-0.8671891519830087,45.79647442404353
966,-0.8671891519830087,45.787328622508795
967,-0.8671891519830087,45.778182820974024
968,-0.8671891519830087,45.769037019439274
969,-0.8671891519830087,45.75989121790451
970,-0.8671891519830087,45.75074541636975
971,-0.8671891519830087,45.741599614834996
972,-0.8671891519830087,45.73245381330024
973,-0.8671891519830087,45.72330801176549
974,-0.8671891519830087,45.714162210230725
975,-0.8671891519830087,45.70501640869597
976,-0.8671891519830087,45.695870607161204
977,-0.8671891519830087,45.68672480562646
978,-0.8671891519830087,45.677579004091704
979,-0.8671891519830087,45.66843320255693
980,-0.8671891519830087,45.65928740102218
981,-0.8671891519830087,45.65014159948742
982,-0.8671891519830087,45.640995797952655
983,-0.8671891519830087,45.631849996417905
984,-0.8671891519830087,45.622704194883156
985,-0.8671891519830087,45.6135583933484
986,-0.8671891519830087,45.604412591813634
987,-0.8671891519830087,45.59526679027889
988,-0.8671891519830087,45.58612098874411
989,-0.8671891519830087,45.57697518720937
990,-0.8671891519830087,45.56782938567461
991,-0.8671891519830087,45.558683584139864
992,-0.8671891519830087,45.54953778260511
993,-0.8671891519830087,45.54039198107035
994,-0.8671891519830087,45.531246179535586
995,-0.8671891519830087,45.52210037800083
996,-0.8671891519830087,45.51295457646607
997,-0.8671891519830087,45.503808774931315
998,-0.8671891519830087,45.49466297339656
999,-0.8671891519830087,45.4855171718618
1000,-0.8542815192716087,45.84220343171732
1001,-0.8542815192716087,45.83305763018257
1002,-0.8542815192716087,45.823911828647816
1003,-0.8542815192716087,45.814766027113045
1004,-0.8542815192716087,45.8056202255783
1005,-0.8542815192716087,45.79647442404353
1006,-0.8542815192716087,45.787328622508795
1007,-0.8542815192716087,45.778182820974024
1008,-0.8542815192716087,45.769037019439274
1009,-0.8542815192716087,45.75989121790451
1010,-0.8542815192716087,45.75074541636975
1011,-0.8542815192716087,45.741599614834996
1012,-0.8542815192716087,45.73245381330024
1013,-0.8542815192716087,45.72330801176549
1014,-0.8542815192716087,45.714162210230725
1015,-0.8542815192716087,45.70501640869597
1016,-0.8542815192716087,45.695870607161204
1017,-0.8542815192716087,45.68672480562646
1018,-0.8542815192716087,45.677579004091704
1019,-0.8542815192716087,45.66843320255693
1020,-0.8542815192716087,45.65928740102218
1021,-0.8542815192716087,45.65014159948742
1022,-0.8542815192716087,45.640995797952655
1023,-0.8542815192716087,45.631849996417905
1024,-0.8542815192716087,45.622704194883156
1025,-0.8542815192716087,45.6135583933484
1026,-0.8542815192716087,45.604412591813634
1027,-0.8542815192716087,45.59526679027889
1028,-0.8542815192716087,45.58612098874411
1029,-0.8542815192716087,45.57697518720937
1030,-0.8542815192716087,45.56782938567461
1031,-0.8542815192716087,45.558683584139864
1032,-0.8542815192716087,45.54953778260511
1033,-0.8542815192716087,45.54039198107035
1034,-0.8542815192716087,45.531246179535586
1035,-0.8542815192716087,45.52210037800083
1036,-0.8542815192716087,45.51295457646607
1037,-0.8542815192716087,45.503808774931315
1038,-0.8542815192716087,45.49466297339656
1039,-0.8542815192716087,45.4855171718618
1040,-0.8413738865602087,45.84220343171732
1041,-0.8413738865602087,45.83305763018257
1042,-0.8413738865602087,45.823911828647816
1043,-0.8413738865602087,45.814766027113045
1044,-0.8413738865602087,45.8056202255783
1045,-0.8413738865602087,45.79647442404353
1046,-0.8413738865602087,45.787328622508795
1047,-0.8413738865602087,45.778182820974024
1048,-0.8413738865602087,45.769037019439274
1049,-0.8413738865602087,45.75989121790451
1050,-0.8413738865602087,45.75074541636975
1051,-0.8413738865602087,45.741599614834996
1052,-0.8413738865602087,45.73245381330024
1053,-0.8413738865602087,45.72330801176549
1054,-0.8413738865602087,45.714162210230725
1055,-0.8413738865602087,45.70501640869597
1056,-0.8413738865602087,45.695870607161204
1057,-0.8413738865602087,45.68672480562646
1058,-0.8413738865602087,45.677579004091704
1059,-0.8413738865602087,45.66843320255693
1060,-0.8413738865602087,45.65928740102218
1061,-0.8413738865602087,45.65014159948742
1062,-0.8413738865602087,45.640995797952655
1063,-0.8413738865602087,45.631849996417905
1064,-0.8413738865602087,45.622704194883156
1065,-0.8413738865602087,45.6135583933484
1066,-0.8413738865602087,45.604412591813634
1067,-0.8413738865602087,45.59526679027889
1068,-0.8413738865602087,45.58612098874411
1069,-0.8413738865602087,45.57697518720937
1070,-0.8413738865602087,45.56782938567461
1071,-0.8413738865602087,45.558683584139864
1072,-0.8413738865602087,45.54953778260511
1073,-0.8413738865602087,45.54039198107035
1074,-0.8413738865602087,45.531246179535586
1075,-0.8413738865602087,45.52210037800083
1076,-0.8413738865602087,45.51295457646607
1077,-0.8413738865602087,45.503808774931315
1078,-0.8413738865602087,45.49466297339656
1079,-0.8413738865602087,45.4855171718618
1080,-0.8284662538488085,45.84220343171732
1081,-0.8284662538488085,45.83305763018257
1082,-0.8284662538488085,45.823911828647816
1083,-0.8284662538488085,45.814766027113045
1084,-0.8284662538488085,45.8056202255783
1085,-0.8284662538488085,45.79647442404353
1086,-0.8284662538488085,45.787328622508795
1087,-0.8284662538488085,45.778182820974024
1088,-0.8284662538488085,45.769037019439274
1089,-0.8284662538488085,45.75989121790451
1090,-0.8284662538488085,45.75074541636975
1091,-0.8284662538488085,45.741599614834996
1092,-0.8284662538488085,45.73245381330024
1093,-0.8284662538488085,45.72330801176549
1094,-0.8284662538488085,45.714162210230725
1095,-0.8284662538488085,45.70501640869597
1096,-0.8284662538488085,45.695870607161204
1097,-0.8284662538488085,45.68672480562646
1098,-0.8284662538488085,45.677579004091704
1099,-0.8284662538488085,45.66843320255693
1100,-0.8284662538488085,45.65928740102218
1101,-0.8284662538488085,45.65014159948742
1102,-0.8284662538488085,45.640995797952655
1103,-0.8284662538488085,45.631849996417905
1104,-0.8284662538488085,45.622704194883156
1105,-0.8284662538488085,45.6135583933484
1106,-0.8284662538488085,45.604412591813634
1107,-0.8284662538488085,45.59526679027889
1108,-0.8284662538488085,45.58612098874411
1109,-0.8284662538488085,45.57697518720937
1110,-0.8284662538488085,45.56782938567461
1111,-0.8284662538488085,45.558683584139864
1112,-0.8284662538488085,45.54953778260511
1113,-0.8284662538488085,45.54039198107035
1114,-0.8284662538488085,45.531246179535586
1115,-0.8284662538488085,45.52210037800083
1116,-0.8284662538488085,45.51295457646607
1117,-0.8284662538488085,45.503808774931315
1118,-0.8284662538488085,45.49466297339656
1119,-0.8284662538488085,45.4855171718618
1120,-0.8155586211374085,45.84220343171732
1121,-0.8155586211374085,45.83305763018257
1122,-0.8155586211374085,45.823911828647816
1123,-0.8155586211374085,45.814766027113045
1124,-0.8155586211374085,45.8056202255783
1125,-0.8155586211374085,45.79647442404353
1126,-0.8155586211374085,45.787328622508795
1127,-0.8155586211374085,45.778182820974024
1128,-0.8155586211374085,45.769037019439274
1129,-0.8155586211374085,45.75989121790451
1130,-0.8155586211374085,45.75074541636975
1131,-0.8155586211374085,45.741599614834996
1132,-0.8155586211374085,45.73245381330024
1133,-0.8155586211374085,45.72330801176549
1134,-0.8155586211374085,45.714162210230725
1135,-0.8155586211374085,45.70501640869597
1136,-0.8155586211374085,45.695870607161204
1137,-0.8155586211374085,45.68672480562646
1138,-0.8155586211374085,45.677579004091704
1139,-0.8155586211374085,45.66843320255693
1140,-0.8155586211374085,45.65928740102218
1141,-0.8155586211374085,45.65014159948742
1142,-0.8155586211374085,45.640995797952655
1143,-0.8155586211374085,45.631849996417905
1144,-0.8155586211374085,45.622704194883156
1145,-0.8155586211374085,45.6135583933484
1146,-0.8155586211374085,45.604412591813634
1147,-0.8155586211374085,45.59526679027889
1148,-0.8155586211374085,45.58612098874411
1149,-0.8155586211374085,45.57697518720937
1150,-0.8155586211374085,45.56782938567461
1151,-0.8155586211374085,45.558683584139864
1152,-0.8155586211374085,45.54953778260511
1153,-0.8155586211374085,45.54039198107035
1154,-0.8155586211374085,45.531246179535586
1155,-0.8155586211374085,45.52210037800083
1156,-0.8155586211374085,45.51295457646607
1157,-0.8155586211374085,45.503808774931315
1158,-0.8155586211374085,45.49466297339656
1159,-0.8155586211374085,45.4855171718618
1160,-0.8026509884260082,45.84220343171732
1161,-0.8026509884260082,45.83305763018257
1162,-0.8026509884260082,45.823911828647816
1163,-0.8026509884260082,45.814766027113045
1164,-0.8026509884260082,45.8056202255783
1165,-0.8026509884260082,45.79647442404353
1166,-0.8026509884260082,45.787328622508795
1167,-0.8026509884260082,45.778182820974024
1168,-0.8026509884260082,45.769037019439274
1169,-0.8026509884260082,45.75989121790451
1170,-0.8026509884260082,45.75074541636975
1171,-0.8026509884260082,45.741599614834996
1172,-0.8026509884260082,45.73245381330024
1173,-0.8026509884260082,45.72330801176549
1174,-0.8026509884260082,45.714162210230725
1175,-0.8026509884260082,45.70501640869597
1176,-0.8026509884260082,45.695870607161204
1177,-0.8026509884260082,45.68672480562646
1178,-0.8026509884260082,45.677579004091704
1179,-0.8026509884260082,45.66843320255693
1180,-0.8026509884260082,45.65928740102218
1181,-0.8026509884260082,45.65014159948742
1182,-0.8026509884260082,45.640995797952655
1183,-0.8026509884260082,45.631849996417905
1184,-0.8026509884260082,45.622704194883156
1185,-0.8026509884260082,45.6135583933484
1186,-0.8026509884260082,45.604412591813634
1187,-0.8026509884260082,45.59526679027889
1188,-0.8026509884260082,45.58612098874411
1189,-0.8026509884260082,45.57697518720937
1190,-0.8026509884260082,45.56782938567461
1191,-0.8026509884260082,45.558683584139864
1192,-0.8026509884260082,45.54953778260511
1193,-0.8026509884260082,45.54039198107035
1194,-0.8026509884260082,45.531246179535586
1195,-0.8026509884260082,45.52210037800083
1196,-0.8026509884260082,45.51295457646607
1197,-0.8026509884260082,45.503808774931315
1198,-0.8026509884260082,45.49466297339656
1199,-0.8026509884260082,45.4855171718618
1200,-0.7897433557146082,45.84220343171732
1201,-0.7897433557146082,45.83305763018257
1202,-0.7897433557146082,45.823911828647816
1203,-0.7897433557146082,45.814766027113045
1204,-0.7897433557146082,45.8056202255783
1205,-0.7897433557146082,45.79647442404353
1206,-0.7897433557146082,45.787328622508795
1207,-0.7897433557146082,45.778182820974024
1208,-0.7897433557146082,45.769037019439274
1209,-0.7897433557146082,45.75989121790451
1210,-0.7897433557146082,45.75074541636975
1211,-0.7897433557146082,45.741599614834996
1212,-0.7897433557146082,45.73245381330024
1213,-0.7897433557146082,45.72330801176549
1214,-0.7897433557146082,45.714162210230725
1215,-0.7897433557146082,45.70501640869597
1216,-0.7897433557146082,45.695870607161204
1217,-0.7897433557146082,45.68672480562646
1218,-0.7897433557146082,45.677579004091704
1219,-0.7897433557146082,45.66843320255693
1220,-0.7897433557146082,45.65928740102218
1221,-0.7897433557146082,45.65014159948742
1222,-0.7897433557146082,45.640995797952655
1223,-0.7897433557146082,45.631849996417905
1224,-0.7897433557146082,45.622704194883156
1225,-0.7897433557146082,45.6135583933484
1226,-0.7897433557146082,45.604412591813634
1227,-0.7897433557146082,45.59526679027889
1228,-0.7897433557146082,45.58612098874411
1229,-0.7897433557146082,45.57697518720937
1230,-0.7897433557146082,45.56782938567461
1231,-0.7897433557146082,45.558683584139864
1232,-0.7897433557146082,45.54953778260511
1233,-0.7897433557146082,45.54039198107035
1234,-0.7897433557146082,45.531246179535586
1235,-0.7897433557146082,45.52210037800083
1236,-0.7897433557146082,45.51295457646607
1237,-0.7897433557146082,45.503808774931315
1238,-0.7897433557146082,45.49466297339656
1239,-0.7897433557146082,45.4855171718618
1240,-0.7768357230032082,45.84220343171732
1241,-0.7768357230032082,45.83305763018257
1242,-0.7768357230032082,45.823911828647816
1243,-0.7768357230032082,45.814766027113045
1244,-0.7768357230032082,45.8056202255783
1245,-0.7768357230032082,45.79647442404353
1246,-0.7768357230032082,45.787328622508795
1247,-0.7768357230032082,45.778182820974024
1248,-0.7768357230032082,45.769037019439274
1249,-0.7768357230032082,45.75989121790451
1250,-0.7768357230032082,45.75074541636975
1251,-0.7768357230032082,45.741599614834996
1252,-0.7768357230032082,45.73245381330024
1253,-0.7768357230032082,45.72330801176549
1254,-0.7768357230032082,45.714162210230725
1255,-0.7768357230032082,45.70501640869597
1256,-0.7768357230032082,45.695870607161204
1257,-0.7768357230032082,45.68672480562646
1258,-0.7768357230032082,45.677579004091704
1259,-0.7768357230032082,45.66843320255693
1260,-0.7768357230032082,45.65928740102218
1261,-0.7768357230032082,45.65014159948742
1262,-0.7768357230032082,45.640995797952655
1263,-0.7768357230032082,45.631849996417905
1264,-0.7768357230032082,45.622704194883156
1265,-0.7768357230032082,45.6135583933484
1266,-0.7768357230032082,45.604412591813634
1267,-0.7768357230032082,45.59526679027889
1268,-0.7768357230032082,45.58612098874411
1269,-0.7768357230032082,45.57697518720937
1270,-0.7768357230032082,45.56782938567461
1271,-0.7768357230032082,45.558683584139864
1272,-0.7768357230032082,45.54953778260511
1273,-0.7768357230032082,45.54039198107035
1274,-0.7768357230032082,45.531246179535586
1275,-0.7768357230032082,45.52210037800083
1276,-0.7768357230032082,45.51295457646607
1277,-0.7768357230032082,45.503808774931315
1278,-0.7768357230032082,45.49466297339656
1279,-0.7768357230032082,45.4855171718618
1280,-0.7639280902918082,45.84220343171732
1281,-0.7639280902918082,45.83305763018257
1282,-0.7639280902918082,45.823911828647816
1283,-0.7639280902918082,45.814766027113045
1284,-0.7639280902918082,45.8056202255783
1285,-0.7639280902918082,45.79647442404353
1286,-0.7639280902918082,45.787328622508795
1287,-0.7639280902918082,45.778182820974024
1288,-0.7639280902918082,45.769037019439274
1289,-0.7639280902918082,45.75989121790451
1290,-0.7639280902918082,45.75074541636975
1291,-0.7639280902918082,45.741599614834996
1292,-0.7639280902918082,45.73245381330024
1293,-0.7639280902918082,45.72330801176549
1294,-0.7639280902918082,45.714162210230725
1295,-0.7639280902918082,45.70501640869597
1296,-0.7639280902918082,45.695870607161204
1297,-0.7639280902918082,45.68672480562646
1298,-0.7639280902918082,45.677579004091704
1299,-0.7639280902918082,45.66843320255693
1300,-0.7639280902918082,45.65928740102218
1301,-0.7639280902918082,45.65014159948742
1302,-0.7639280902918082,45.640995797952655
1303,-0.7639280902918082,45.631849996417905
1304,-0.7639280902918082,45.622704194883156
1305,-0.7639280902918082,45.6135583933484
1306,-0.7639280902918082,45.604412591813634
1307,-0.7639280902918082,45.59526679027889
1308,-0.7639280902918082,45.58612098874411
1309,-0.7639280902918082,45.57697518720937
1310,-0.7639280902918082,45.56782938567461
1311,-0.7639280902918082,45.558683584139864
1312,-0.7639280902918082,45.54953778260511
1313,-0.7639280902918082,45.54039198107035
1314,-0.7639280902918082,45.531246179535586
1315,-0.7639280902918082,45.52210037800083
1316,-0.7639280902918082,45.51295457646607
1317,-0.7639280902918082,45.503808774931315
1318,-0.7639280902918082,45.49466297339656
1319,-0.7639280902918082,45.4855171718618
