station dans rayon,station atteintes
383,383
384,384
385,385
386,386
390,390
389,389
395,395
396,396
188,188
137,137
15,15
387,387
851,851
852,852
570,570
571,571
572,572
573,573
574,574
2243,2243
2245,2245
2494,2494
1243,1243
1244,1244
2249,2249
2501,2501
2248,2248
2503,2503
2250,2250
2505,2505
2252,2252
2509,2509
489,489
488,488
490,490
491,491
492,492
493,493
495,495
494,494
499,499
500,500
502,502
503,503
504,504
505,505
1272,1272
1270,1270
2560,2560
2561,2561
29,29
7,7
506,506
497,497
496,496
501,501
111,111
190,190
28,28
498,498
549,549
550,550
829,829
830,830
551,551
552,552
554,554
553,553
539,539
37,37
538,538
546,546
545,545
2282,2282
617,617
616,616
619,619
618,618
849,849
45,45
2383,2383
2311,2311
2385,2385
2312,2312
2402,2402
2321,2321
2313,2313
2387,2387
2322,2322
2405,2405
2407,2407
2316,2316
2409,2409
2394,2394
2317,2317
2318,2318
2328,2328
2604,2604
2605,2605
703,703
704,704
2601,2601
2602,2602
2649,2649
2580,2580
2581,2581
2650,2650
2583,2583
2584,2584
2586,2586
2588,2588
2589,2589
2663,2663
2664,2664
2591,2591
716,716
717,717
2593,2593
2331,2331
2490,2490
2595,2595
2596,2596
2598,2598
2599,2599
2327,2327
708,708
711,711
709,709
712,712
714,714
715,715
185,185
63,63
720,720
719,719
724,724
725,725
726,726
727,727
64,64
2558,2558
65,65
186,186
92,92
187,187
136,136
2348,2348
2341,2341
2424,2424
2343,2343
2342,2342
2486,2486
2345,2345
2488,2488
2430,2430
2347,2347
2340,2340
2439,2439
2336,2336
2433,2433
2338,2338
2446,2446
2339,2339
2463,2463
827,827
828,828
826,826
79,79
