centroid_id
0
1
9
10
11
12
13
14
40
41
49
50
51
52
89
90
91
92
96
97
98
99
129
130
131
132
136
137
138
139
176
177
178
179
216
217
218
219
260
261
262
263
298
299
300
301
302
303
333
334
335
336
338
339
340
341
342
343
373
374
375
376
377
378
379
380
381
382
383
384
385
413
414
415
416
417
418
419
420
422
423
424
425
453
454
455
456
457
458
459
460
462
463
464
465
495
496
497
498
499
500
501
502
503
504
505
535
536
537
540
541
542
549
550
551
552
580
581
582
589
590
591
592
620
621
622
629
630
631
632
657
658
659
660
664
665
666
667
669
670
671
672
697
698
699
700
704
705
706
707
737
738
739
740
744
745
746
747
777
778
779
780
784
785
786
787
820
821
822
823
860
861
862
863
870
871
872
873
900
901
902
903
910
911
912
913
940
941
942
943
950
951
952
953
990
991
992
993
994
995
996
997
1024
1025
1026
1027
1034
1035
1036
1037
1064
1065
1066
1067
1074
1075
1076
1077
1104
1105
1106
1107
1111
1112
1113
1114
1115
1116
1117
1144
1145
1146
1147
1151
1152
1153
1154
1191
1192
1193
1194
1195
1196
1197
1198
1231
1232
1233
1234
1235
1236
1237
1238
1275
1276
1277
1278
1315
1316
1317
1318
