[]
[657]
[657, 495]
[657, 495, 822]
[657, 495, 822, 823]
[657, 495, 822, 823, 659]
[657, 495, 822, 823, 659, 455]
[657, 495, 822, 823, 659, 455, 740]
[657, 495, 822, 823, 659, 455, 740, 784]
[657, 495, 822, 823, 659, 455, 740, 784, 785]
[657, 495, 822, 823, 659, 455, 740, 784, 785, 821]
[657, 495, 822, 823, 659, 455, 740, 784, 785, 821, 739]
[657, 495, 822, 823, 659, 455, 740, 784, 785, 821, 739, 456]
[657, 495, 822, 823, 659, 455, 740, 784, 785, 821, 739, 456, 660]
[657, 495, 822, 823, 659, 455, 740, 784, 785, 821, 739, 456, 660, 496]
[657, 495, 822, 823, 659, 455, 740, 784, 785, 821, 739, 456, 660, 496, 620]
[657, 495, 822, 823, 659, 455, 740, 784, 785, 821, 739, 456, 660, 496, 620, 415]
[657, 495, 822, 823, 659, 455, 740, 784, 785, 821, 739, 456, 660, 496, 620, 415, 738]
[657, 495, 822, 823, 659, 455, 740, 784, 785, 821, 739, 456, 660, 496, 620, 415, 738, 786]
[657, 495, 822, 823, 659, 455, 740, 784, 785, 821, 739, 456, 660, 496, 620, 415, 738, 786, 497]
[657, 495, 822, 823, 659, 455, 740, 784, 785, 821, 739, 456, 660, 496, 620, 415, 738, 786, 497, 416]
[657, 495, 822, 823, 659, 455, 740, 784, 785, 821, 739, 456, 660, 496, 620, 415, 738, 786, 497, 416, 457]
[657, 495, 822, 823, 659, 455, 740, 784, 785, 821, 739, 456, 660, 496, 620, 415, 738, 786, 497, 416, 457, 376]
[657, 495, 822, 823, 659, 455, 740, 784, 785, 821, 739, 456, 660, 496, 620, 415, 738, 786, 497, 416, 457, 376, 454]
[657, 495, 822, 823, 659, 455, 740, 784, 785, 821, 739, 456, 660, 496, 620, 415, 738, 786, 497, 416, 457, 376, 454, 417]
[657, 495, 822, 823, 659, 455, 740, 784, 785, 821, 739, 456, 660, 496, 620, 415, 738, 786, 497, 416, 457, 376, 454, 417, 375]
[657, 495, 822, 823, 659, 455, 740, 784, 785, 821, 739, 456, 660, 496, 620, 415, 738, 786, 497, 416, 457, 376, 454, 417, 375, 704]
[657, 495, 822, 823, 659, 455, 740, 784, 785, 821, 739, 456, 660, 496, 620, 415, 738, 786, 497, 416, 457, 376, 454, 417, 375, 704, 621]
[657, 495, 822, 823, 659, 455, 740, 784, 785, 821, 739, 456, 660, 496, 620, 415, 738, 786, 497, 416, 457, 376, 454, 417, 375, 704, 621, 418]
[657, 495, 822, 823, 659, 455, 740, 784, 785, 821, 739, 456, 660, 496, 620, 415, 738, 786, 497, 416, 457, 376, 454, 417, 375, 704, 621, 418, 336]
